86385 86385
93665 93665
481348 481348
21 21
202 202
226 226
334 334
385 385
401 401
431 431
618 618
626 626
966 966
1017 1017
1171 1171
1222 1222
1230 1230
1288 1288
1296 1296
1317 1317
1384 1384
1419 1419
1452 1452
1464 1464
1653 1653
1658 1658
1672 1672
1869 1869
1903 1903
1904 1904
1987 1987
2116 2116
2163 2163
2239 2239
2250 2250
2300 2300
2407 2407
2411 2411
2465 2465
2471 2471
2517 2517
2571 2571
2644 2644
2667 2667
2766 2766
2770 2770
3022 3022
3032 3032
3131 3131
3170 3170
3190 3190
3405 3405
3414 3414
3461 3461
3530 3530
3532 3532
3534 3534
3692 3692
3785 3785
3799 3799
3820 3820
4042 4042
4064 4064
4113 4113
4127 4127
4131 4131
4491 4491
4677 4677
4705 4705
4743 4743
4751 4751
4806 4806
4895 4895
4921 4921
4947 4947
5014 5014
5089 5089
5146 5146
5153 5153
5216 5216
5267 5267
5288 5288
5318 5318
5326 5326
5383 5383
5516 5516
5559 5559
5579 5579
5776 5776
5779 5779
5861 5861
5865 5865
5886 5886
5906 5906
6014 6014
6199 6199
6267 6267
6281 6281
6360 6360
6361 6361