131 131
5339 5339
10818 10818
12627 12627
13161 13161
14087 14087
16034 16034
67583 67583
76651 76651
85848 85848
88811 88811
90917 90917
101839 101839
106920 106920
123436 123436
133500 133500
134592 134592
159822 159822
175933 175933
194660 194660
197889 197889
267644 267644
309149 309149
310456 310456
313311 313311
357758 357758
508483 508483
637343 637343
49 49
64 64
72 72
74 74
87 87
127 127
130 130
136 136
152 152
154 154
156 156
157 157
195 195
231 231
271 271
286 286
291 291
303 303
317 317
325 325
327 327
381 381
409 409
437 437
462 462
464 464
465 465
478 478
482 482
492 492
494 494
508 508
522 522
529 529
537 537
555 555
607 607
669 669
679 679
688 688
714 714
716 716
721 721
740 740
749 749
751 751
764 764
766 766
793 793
796 796
800 800
814 814
829 829
834 834
837 837
857 857
859 859
878 878
897 897
910 910
939 939
943 943
949 949
974 974
993 993
1005 1005
1031 1031
1051 1051
1072 1072
1087 1087
1099 1099
1115 1115