6409 6409
12385 12385
36012 36012
59889 59889
109220 109220
113442 113442
375766 375766
2 2
4 4
7 7
28 28
59 59
104 104
158 158
162 162
467 467
554 554
586 586
733 733
902 902
916 916
919 919
1110 1110
1186 1186
1191 1191
1199 1199
1290 1290
1335 1335
1360 1360
1398 1398
1417 1417
1669 1669
1746 1746
1817 1817
1986 1986
2024 2024
2092 2092
2150 2150
2287 2287
2493 2493
2501 2501
2567 2567
2630 2630
2764 2764
2892 2892
2983 2983
3072 3072
3081 3081
3148 3148
3157 3157
3222 3222
3326 3326
3360 3360
3374 3374
3497 3497
3523 3523
3594 3594
3628 3628
3746 3746
3817 3817
4081 4081
4242 4242
4388 4388
4430 4430
4460 4460
4560 4560
4676 4676
4694 4694
4841 4841
4847 4847
4877 4877
4970 4970
5329 5329
5332 5332
5370 5370
5469 5469
5523 5523
5641 5641
5679 5679
5712 5712
5764 5764
5828 5828
5878 5878
5997 5997
6141 6141
6176 6176
6182 6182
6249 6249
6264 6264
6389 6389
6467 6467
6664 6664
6747 6747
6817 6817
6949 6949
6951 6951
6979 6979
6988 6988
7153 7153
7212 7212