13522 13522
25742 25742
25920 25920
30452 30452
34789 34789
52120 52120
71356 71356
79853 79853
99494 99494
131380 131380
158261 158261
332947 332947
450677 450677
8 8
31 31
70 70
85 85
238 238
258 258
277 277
339 339
345 345
378 378
400 400
495 495
567 567
577 577
605 605
650 650
668 668
672 672
701 701
747 747
825 825
874 874
945 945
958 958
1008 1008
1042 1042
1062 1062
1078 1078
1124 1124
1125 1125
1159 1159
1211 1211
1267 1267
1278 1278
1299 1299
1300 1300
1308 1308
1337 1337
1344 1344
1350 1350
1367 1367
1385 1385
1394 1394
1409 1409
1433 1433
1437 1437
1548 1548
1563 1563
1569 1569
1570 1570
1581 1581
1649 1649
1662 1662
1680 1680
1808 1808
1920 1920
2009 2009
2014 2014
2027 2027
2056 2056
2109 2109
2184 2184
2218 2218
2225 2225
2248 2248
2266 2266
2302 2302
2319 2319
2344 2344
2382 2382
2403 2403
2525 2525
2557 2557
2578 2578
2579 2579
2612 2612
2663 2663
2703 2703
2720 2720
2745 2745
2785 2785
2789 2789
2795 2795
2869 2869
2918 2918
2927 2927
2945 2945