1451
1
2
3
4
5
6
7
8
9
10
11
12
13
14
15
16
17
18
19
20
21
22
23
24
25
26
27
28
29
30
31
32
33
34
35
36
37
38
39
40
41
42
43
44
45
46
47
48
49
50
51
52
53
54
55
56
57
58
59
60
61
62
63
64
65
66
67
68
69
70
71
72
73
74
75
76
77
78
79
80
81
82
83
84
85
86
87
88
89
90
91
92
93
94
95
96
97
98
99
100
101
102
103
104
105
106
107
108
109
110
111
112
113
114
115
116
117
118
119
120
121
122
123
124
125
126
127
128
129
130
131
132
133
134
135
136
137
138
139
140
141
142
143
144
145
146
147
148
149
150
151
152
153
154
155
156
157
158
159
160
161
162
163
164
165
166
167
168
169
170
171
172
173
174
175
176
177
178
179
180
181
182
183
184
185
186
187
188
189
190
191
192
193
194
195
196
197
198
199
200
201
202
203
204
205
206
207
208
209
210
211
212
213
214
215
216
217
218
219
220
221
222
223
224
225
226
227
228
229
230
231
232
233
234
235
236
237
238
239
240
241
242
243
244
245
246
247
248
249
250
251
252
253
254
255
256
257
258
259
261
262
263
264
265
267
268
269
270
272
273
274
275
276
278
279
281
282
283
284
285
286
287
288
289
290
291
292
296
301
302
303
304
305
306
307
308
309
310
311
312
314
315
316
317
318
319
320
323
324
325
352
361
363
364
365
366
396
397
399
405
561
562
563
564
565
566
567
568
569
570
571
572
573
574
575
576
577
1449
1450
1451
1452
1453
1454
1455
1456
1457
1458
1459
1460
1461
1462
1463
1464
1465
1466
1467
1468
1469
1470
1471
1472
1473
1474
1475
1476
1477
1478
1479
1480
1481
1482
1483
1484
1485
1486
1487
1488
1489
1490
1491
1492
1493
1494
1495
1496
1497
1498
1499
1500
1501
1502
1503
1504
1505
1506
1507
1508
1509
1510
1511
1512
1513
1514
1515
1516
1517
1518
1519
1520
1521
1522
1523
1524
1525
1526
1527
1528
1529
1530
1531
1532
1533
1534
1535
1536
1537
1640
1641
1642
1643
1644
1645
1646
1647
1648
1649
1650
1651
1653
1671
1683
1694
1700
1701
1702
1703
1704
1705
1706
1707
1708
1709
1710
1711
1712
1713
1714
1715
1716
1717
1718
1719
1720
1721
1722
1723
1724
1725
1726
1727
1728
1729
1730
1731
1732
1733
1734
1735
1736
1737
1738
1739
1740
1741
1742
1743
1744
1745
1746
1747
1748
1749
1750
1751
1752
1753
1754
1755
1756
1757
1758
1759
1760
1761
1762
1763
1764
1765
1766
1767
1768
1769
1770
1771
1772
1773
1774
1775
1776
1777
1778
1779
1780
1781
1782
1783
1784
1785
1786
1787
1788
1789
1790
1791
1792
1793
1794
1796
1797
1798
1799
1800
1801
1802
1804
1805
1806
1807
1808
1809
1810
1811
1812
1813
1814
1815
1816
1817
1818
1819
1820
1821
1822
1823
1824
1825
1827
1828
1829
1830
1831
1832
1833
1834
1835
1836
1837
1838
1839
1840
1841
1842
1843
1844
1845
1846
1847
1848
1849
1850
1851
1852
1853
1854
1855
1856
1857
1858
1860
1861
1862
1863
1864
1865
1866
1867
1868
1869
1870
1871
1872
1873
1874
1875
1876
1877
1878
1879
1880
1881
1882
1883
1884
1885
1886
1887
1888
1889
1890
1892
1893
1894
1895
1896
1897
1898
1899
1900
1901
1902
1903
1904
1905
1906
1907
1908
1909
1910
1911
1912
1913
1914
1915
1916
1917
1918
1919
1920
1921
1922
1923
1924
1925
1926
1927
1928
1929
1930
1931
1932
1933
1934
1935
1936
1937
1938
1939
1940
1941
1942
1943
1944
1945
1946
1947
1948
1949
1950
1951
1952
1953
1954
1955
1957
1958
1960
1961
1962
1963
1964
1965
1966
1967
1968
1969
1970
1971
1972
1973
1974
1975
1976
1977
1978
1979
1980
1981
1982
1983
1984
1985
1986
1987
1988
1989
1990
1991
1992
1993
1994
1995
1996
1997
1998
1999
2000
2001
2002
2003
2004
2005
2006
2007
2008
2009
2010
2011
2012
2013
2014
2015
2016
2017
2018
2019
2020
2021
2022
2023
2024
2025
2026
2027
2028
2029
2030
2031
2032
2033
2034
2035
2036
2037
2038
2039
2040
2041
2042
2043
2044
2045
2046
2047
2048
2049
2050
2051
2052
2053
2054
2055
2056
2057
2058
2059
2060
2061
2062
2063
2064
2065
2066
2067
2068
2069
2070
2071
2072
2073
2074
2075
2076
2077
2078
2079
2080
2081
2082
2083
2157
2158
2159
2160
2161
2162
2163
2164
2175
2179
2191
2202
2281
2282
2283
2284
2285
2286
2287
2288
2303
2314
2325
2328
2329
2356
2357
2358
2359
2360
2361
2362
2413
2422
2430
2433
2434
2445
2460
2461
2462
2463
2464
2465
2466
2490
2538
2551
2561
2574
2593
2594
2595
2596
2597
2598
2599
2620
2625
2648
2657
2671
2679
2689
2700
2710
2711
2712
2714
2715
2716
2717
2718
2719
2720
2721
2792
2798
2808
2819
2820
2832
2837
2838
2839
2840
2841
2842
2843
2864
2893
2911
2913
2927
2932
2938
2962
2963
2966
2967
3002
3007
3023
3026
3037
3038
3039
3040
3041
3042
3043
3044
3046
3074
3078
3084
3086
3087
3088
3089
3091
3092
3093
3094
3095
3100
3101
3102
3103
3104
3106
3107
3108
3109
3110
3123
3124
3125
3126
3127
3128
3129
3130
3131
3132
3133
3134
3135
3137
3138
3139
3140
3141
3142
3143
3144
3145
3147
3149
3151
3153
3154
3155
3156
3157
3158
3159
3160
3164
3165
3166
3170
3172
3173
3174
3175
3176
3178
3179
3180
3181
3182
3183
3184
3185
3187
3188
3190
3191
3192
3193
3194
3195
3196
3197
3198
3199
3200
3201
3242
3263
3264
3265
3271
3275
3282
3283
3284
3285
3286
3287
3288
3289
3290
3296
3297
3306
3308
3309
3310
3311
3312
3313
3314
3315
3317
3324
3345
3355
3362
3441
3442
3443
3444
3445
3446
3447
3448
3450
3459
3464
3478
3545
3548
3551
3552
3553
3554
3555
3556
3557
3558
3559
3560
3561
3562
3563
3564
3566
3568
3569
3570
3571
3572
3573
3574
3575
3576
3577
3578
3579
3580
3581
3582
3583
3585
3586
3587
3588
3589
3590
3591
3592
3593
3594
3595
3596
3601
3606
3670
3671
3695
3706
3716
3721
3722
3723
3724
3725
3726
3727
3728
3729
3730
3731
3732
3733
3734
3735
3736
3737
3738
3739
3740
3741
3742
3743
3744
3745
3746
3747
3748
3749
3750
3751
3752
3753
3754
3755
3756
3757
3758
3759
3760
3761
3762
3763
3764
3765
3766
3767
3768
3769
3770
3771
3772
3773
3774
3775
3776
3777
3778
3779
3780
3781
3782
3783
3784
3785
3786
3787
3788
3789
3790
3791
3792
3793
3794
3795
3796
3797
3798
3799
3806
3812
3813
3814
3815
3816
3817
3818
3822
3823
3824
3826
3827
3828
3829
3830
3831
3832
3833
3834
3835
3836
3837
3839
3840
3841
3845
3846
3849
3850
3851
3852
3853
3854
3855
3856
3857
3860
3861
3862
3863
3864
3865
3866
3867
3868
3869
3870
3871
3872
3873
3874
3875
3876
3877
3878
3879
3880
3881
3882
3883
3884
3885
3888
3889
3890
3891
3892
3893
3894
3895
3896
3897
3898
3899
3900
3901
3902
3903
3904
3905
3906
3909
3910
3911
3912
3913
3916
3957
3958
3959
3960
3983
3984
3985
3986
3987
3988
3989
3994
3995
3996
3997
3998
3999
4000
4001
4002
4004
4005
4006
4008
4009
4010
4011
4012
4013
4015
4016
4017
4019
4021
4022
4023
4024
4026
4031
4046
4047
4048
4049
4051
4053
4054
4055
4056
4057
4058
4059
4060
4061
4062
4063
4064
4065
4066
4067
4068
4069
4070
4072
4080
4097
4106
4107
4108
4110
4111
4112
4113
4114
4115
4116
4117
4118
4119
4126
4128
4207
4208
4215
4216
4217
4219
4220
4221
4224
4225
4226
4228
4230
4231
4232
4234
4237
4257
4258
4259
4260
4261
4262
4263
4264
4265
4272
4285
4286
4304
4340
4341
4342
4343
4344
4345
4346
4347
4348
4349
4350
4351
4352
4353
4354
4355
4356
4368
4369
4370
4371
4372
4374
4375
4376
4377
4378
4379
4380
4381
4383
4384
4385
4386
4387
4388
4389
4390
4392
4393
4394
4395
4396
4403
4422
4480
4482
4483
4484
4485
4486
4487
4488
4490
4491
4558
4566
4567
4615
4683
4707
