154
280
367
368
369
370
371
372
373
374
375
376
377
378
379
380
381
382
383
384
385
386
387
388
389
390
391
392
394
395
578
579
580
581
582
583
584
585
586
587
588
589
590
591
592
593
594
595
596
597
598
599
600
601
602
603
604
605
606
607
608
609
610
611
612
613
614
615
616
617
618
619
620
621
622
623
624
625
626
627
628
629
630
631
632
633
634
635
636
637
638
639
640
641
642
643
644
645
646
647
648
2168
2209
2326
2831
2914
3059
3243
3244
3268
3318
3453
3461
3488
3489
3490
3491
3492
3493
3500
3615
3616
3640
3673
3674
3675
3676
3677
3678
3688
3690
3838
4052
4089
4090
4096
4151
4168
4254
4320
4321
4322
4323
4364
4475
4553
4559
4581
4619
4620
4621
4622
4681
5111
5144
