1603
260
277
300
393
463
465
466
468
469
470
471
472
473
474
475
476
477
478
479
481
482
483
484
485
486
487
488
489
490
491
492
493
494
495
496
497
498
499
500
501
502
503
504
505
506
507
508
509
510
511
512
513
514
515
516
517
518
519
520
521
522
523
524
525
526
527
528
529
530
531
532
533
534
535
536
537
538
539
540
541
542
543
544
545
546
547
548
549
550
551
552
553
554
555
556
557
558
559
649
650
651
652
653
654
655
656
657
658
659
660
661
662
663
664
665
666
667
668
669
670
671
672
673
674
675
676
677
678
679
680
681
682
683
684
685
686
687
688
689
690
691
692
693
694
695
696
697
699
700
701
702
703
704
705
706
707
708
709
710
711
712
713
714
715
716
717
718
719
720
721
722
723
725
726
727
728
729
730
731
733
734
735
736
737
738
739
740
741
742
743
744
745
746
747
748
749
750
751
752
753
754
755
756
757
758
759
760
761
762
763
764
765
766
767
768
769
770
771
772
773
774
775
777
778
779
780
781
782
783
784
785
786
787
788
789
790
791
792
793
794
795
796
797
798
799
800
801
802
803
804
805
806
807
808
809
810
811
812
813
814
815
816
817
818
819
820
821
822
823
824
825
826
827
828
829
830
831
832
833
834
835
836
837
838
839
840
841
842
843
844
845
846
847
848
849
850
851
852
853
854
855
856
857
858
859
860
861
862
863
864
865
866
867
868
869
870
871
872
873
874
875
876
877
878
879
880
881
882
883
884
885
886
887
888
889
890
891
892
893
894
895
896
897
898
900
901
902
903
904
905
906
907
908
909
910
911
912
913
914
915
916
917
918
919
920
921
922
923
924
925
926
927
928
929
930
931
932
933
934
935
936
938
939
940
941
942
943
944
945
946
947
948
949
950
951
952
953
954
955
956
957
958
959
960
961
962
963
964
965
966
967
968
969
970
971
972
973
974
975
976
977
978
979
980
981
982
983
984
985
986
987
988
989
990
991
992
993
994
995
996
997
999
1000
1001
1002
1003
1004
1005
1006
1007
1008
1009
1010
1011
1012
1013
1014
1015
1016
1017
1018
1019
1020
1021
1022
1023
1024
1025
1026
1027
1028
1029
1030
1031
1032
1033
1034
1035
1036
1037
1038
1039
1040
1041
1042
1043
1044
1045
1046
1047
1048
1049
1050
1051
1052
1053
1054
1055
1056
1057
1058
1059
1060
1061
1062
1063
1064
1065
1067
1068
1069
1070
1071
1072
1073
1074
1075
1076
1077
1078
1079
1080
1081
1082
1083
1084
1085
1086
1087
1088
1089
1090
1091
1092
1093
1094
1095
1096
1097
1098
1099
1100
1101
1102
1103
1104
1105
1106
1107
1108
1109
1110
1111
1112
1113
1114
1115
1116
1117
1118
1119
1120
1121
1122
1123
1124
1125
1126
1127
1128
1129
1130
1131
1132
1133
1134
1135
1136
1137
1138
1139
1140
1141
1142
1143
1144
1145
1146
1147
1149
1150
1151
1152
1153
1154
1155
1156
1157
1158
1159
1160
1161
1162
1163
1164
1165
1166
1169
1170
1171
1172
1173
1174
1175
1176
1177
1178
1179
1180
1181
1182
1183
1184
1185
1186
1187
1188
1189
1190
1191
1192
1193
1194
1195
1196
1197
1199
1200
1201
1202
1203
1204
1205
1206
1207
1208
1209
1210
1212
1213
1214
1215
1216
1217
1218
1219
1220
1221
1222
1223
1224
1225
1226
1227
1228
1229
1230
1231
1232
1233
1234
1235
1236
1237
1238
1239
1240
1241
1242
1243
1244
1245
1246
1247
1248
1249
1250
1251
1252
1253
1254
1255
1256
1257
1258
1259
1260
1261
1262
1264
1265
1266
1267
1269
1270
1271
1272
1273
1274
1275
1276
1277
1278
1279
1280
1281
1282
1283
1285
1286
1287
1288
1289
1290
1291
1292
1293
1294
1295
1296
1297
1298
1299
1300
1301
1302
1303
1304
1305
1306
1307
1308
1309
1312
1314
1315
1316
1317
1318
1319
1320
1321
1322
1323
1324
1325
1326
1327
1328
1329
1330
1331
1332
1333
1334
1335
1336
1337
1338
1339
1341
1342
1343
1344
1345
1346
1347
1348
1349
1350
1351
1352
1353
1354
1356
1357
1358
1359
1361
1362
1363
1364
1365
1366
1367
1368
1369
1370
1371
1372
1374
1375
1376
1377
1378
1379
1380
1381
1382
1383
1384
1385
1386
1387
1388
1389
1391
1392
1393
1395
1396
1397
1398
1399
1400
1401
1402
1403
1404
1405
1406
1407
1408
1409
1411
1412
1413
1414
1416
1417
1418
1419
1420
1422
1423
1424
1425
1426
1427
1428
1429
1430
1431
1432
1433
1434
1435
1436
1437
1438
1439
1440
1441
1442
1443
1444
1445
1446
1447
1541
1542
1543
1544
1545
1546
1547
1548
1549
1550
1551
1552
1553
1554
1555
1556
1557
1558
1559
1560
1561
1562
1563
1564
1565
1566
1567
1568
1569
1570
1571
1572
1573
1574
1575
1576
1578
1579
1581
1582
1583
1584
1585
1590
1591
1592
1593
1595
1598
1599
1600
1602
1603
1604
1605
1606
1607
1608
1609
1610
1612
1613
1614
1615
1616
1617
1618
1619
1620
1621
1622
1624
1625
1626
1627
1628
1629
1630
1631
1632
1633
1634
1635
1636
1637
1638
1639
1662
1663
1665
1666
1667
1668
1669
1670
1673
1674
1675
1677
1678
1679
1680
1681
1682
1684
1685
1687
1688
1689
1690
1692
1693
2086
2087
2088
2089
2090
2091
2093
2095
2096
2097
2098
2100
2101
2102
2104
2105
2106
2107
2108
2109
2110
2112
2114
2115
2117
2119
2120
2121
2124
2125
2126
2128
2129
2130
2132
2133
2134
2136
2139
2140
2141
2142
2143
2144
2148
2150
2151
2152
2153
2154
2170
2172
2177
2178
2183
2184
2185
2186
2187
2188
2189
2190
2192
2193
2194
2195
2196
2198
2199
2201
2210
2211
2212
2213
2214
2215
2216
2217
2218
2219
2220
2221
2222
2223
2224
2225
2226
2227
2229
2230
2231
2232
2233
2234
2236
2237
2238
2240
2241
2242
2243
2244
2246
2247
2248
2249
2250
2251
2252
2253
2254
2255
2256
2257
2258
2259
2260
2261
2262
2263
2264
2265
2266
2267
2268
2269
2270
2271
2272
2273
2274
2275
2276
2277
2279
2280
2294
2295
2296
2297
2298
2299
2300
2301
2302
2304
2305
2306
2307
2308
2309
2310
2311
2312
2313
2315
2316
2317
2318
2319
2320
2321
2323
2327
2335
2336
2337
2338
2340
2343
2344
2345
2346
2347
2348
2349
2350
2351
2352
2353
2354
2364
2365
2366
2367
2368
2369
2370
2371
2373
2374
2375
2376
2379
2383
2386
2387
2389
2395
2396
2397
2399
2402
2405
2406
2407
2408
2423
2425
2426
2428
2429
2440
2441
2442
2446
2447
2448
2449
2450
2453
2468
2469
2471
2472
2473
2474
2475
2478
2479
2480
2483
2485
2487
2488
2489
2491
2492
2493
2494
2495
2496
2497
2498
2499
2500
2501
2502
2504
2507
2509
2510
2511
2512
2513
2514
2515
2516
2517
2518
2521
2522
2523
2525
2526
2528
2529
2530
2531
2532
2533
2535
2557
2558
2559
2560
2563
2564
2565
2568
2569
2570
2571
2575
2576
2577
2578
2580
2582
2584
2601
2602
2603
2604
2605
2608
2609
2610
2611
2612
2613
2614
2616
2618
2619
2621
2622
2623
2627
2628
2631
2632
2633
2635
2637
2638
2639
2640
2641
2643
2644
2645
2649
2650
2652
2653
2654
2655
2656
2658
2659
2661
2663
2664
2665
2666
2667
2670
2680
2683
2684
2685
2687
2688
2690
2691
2693
2694
2695
2697
2699
2701
2702
2703
2705
2706
2707
2708
2722
2725
2726
2727
2728
2729
2730
2732
2733
2735
2737
2739
2742
2743
2744
2745
2746
2747
2748
2749
2750
2751
2753
2754
2755
2759
2761
2765
2766
2768
2769
2770
2771
2774
2775
2781
2783
2784
2785
2787
2788
2790
2791
2799
2800
2801
2802
2803
2805
2809
2810
2811
2812
2813
2814
2816
2817
2818
2823
2824
2825
2828
2830
2844
2846
2847
2848
2850
2851
2854
2855
2857
2858
2859
2860
2861
2862
2863
2865
2866
2867
2869
2870
2871
2872
2874
2877
2878
2879
2880
2881
2882
2883
2884
2888
2889
2890
2891
2899
2900
2904
2905
2910
2931
2935
2936
2940
2942
2943
2947
2948
2952
2953
2954
2955
2957
2958
2960
2961
2970
2972
2974
2978
2981
2982
2984
2986
2994
2995
2996
2997
2998
3003
3005
3010
3011
3012
3016
3017
3022
3025
3027
3028
3029
3030
3031
3032
3035
3062
3294
3336
3337
3339
3340
3341
3342
3343
3344
3370
3371
3372
3373
3374
3375
3376
3377
3378
3379
3380
3381
3382
3383
3384
3385
3386
3387
3388
3389
3390
3391
3392
3393
3394
3395
3396
3397
3398
3399
3400
3401
3402
3403
3404
3405
3406
3407
3408
3409
3410
3411
3412
3413
3414
3415
3416
3417
3418
3419
3420
3421
3422
3423
3424
3425
3426
3427
3428
3429
3430
3431
3432
3433
3434
3435
3436
3437
3438
3439
3440
3473
3607
3820
3858
3928
3979
4050
4157
4158
4159
4160
4161
4179
4239
4240
4241
4242
4243
4244
4245
4246
4256
4474
4571
4575
4577
4578
4579
4580
4583
4614
4617
4656
4946
5149
