457
294
295
322
326
327
328
329
330
331
332
333
334
335
336
337
338
339
340
341
342
343
344
345
346
347
348
349
350
351
353
354
355
356
357
358
359
360
362
400
401
402
403
404
406
407
408
409
410
411
412
413
414
415
416
417
418
419
420
421
422
423
424
425
426
427
428
429
430
431
432
433
434
435
436
437
438
439
440
441
442
443
444
445
446
447
448
449
450
451
452
453
454
455
456
457
458
459
460
461
462
464
467
480
560
698
724
732
776
899
937
998
1066
1148
1167
1168
1198
1211
1263
1268
1284
1310
1311
1313
1340
1355
1360
1373
1390
1394
1410
1415
1421
1448
1540
1577
1580
1586
1587
1588
1589
1594
1596
1597
1601
1611
1623
1664
1676
1686
1691
2092
2094
2099
2103
2111
2113
2116
2118
2122
2123
2127
2131
2135
2137
2138
2145
2146
2147
2149
2155
2156
2171
2173
2174
2176
2181
2182
2197
2200
2228
2235
2239
2245
2278
2322
2324
2339
2341
2342
2355
2363
2372
2377
2378
2380
2381
2382
2384
2385
2388
2390
2391
2392
2393
2394
2398
2400
2401
2403
2404
2409
2410
2411
2412
2424
2427
2431
2435
2436
2437
2438
2439
2443
2451
2452
2454
2455
2467
2470
2476
2477
2481
2482
2484
2486
2503
2505
2506
2508
2519
2520
2524
2527
2534
2536
2537
2552
2553
2554
2555
2556
2562
2566
2567
2579
2581
2583
2600
2606
2607
2615
2617
2624
2626
2629
2630
2634
2636
2642
2646
2647
2651
2660
2662
2668
2669
2681
2682
2686
2692
2696
2698
2704
2709
2723
2724
2731
2734
2736
2738
2740
2741
2752
2756
2757
2758
2760
2762
2763
2764
2767
2772
2773
2776
2777
2778
2779
2780
2782
2786
2789
2804
2806
2807
2815
2821
2822
2826
2827
2829
2835
2836
2845
2849
2852
2853
2856
2868
2873
2875
2876
2885
2886
2887
2892
2894
2895
2896
2897
2898
2901
2902
2903
2906
2907
2908
2909
2922
2928
2929
2930
2933
2934
2939
2941
2944
2945
2946
2956
2959
2968
2969
2971
2973
2975
2976
2977
2979
2980
2983
2985
2987
2988
2989
2990
2991
2992
2993
2999
3000
3001
3004
3006
3008
3009
3013
3014
3015
3018
3019
3020
3021
3024
3033
3034
3036
3070
3071
3072
3073
3075
3076
3077
3085
3090
3105
3136
3146
3148
3150
3152
3161
3162
3163
3167
3168
3169
3171
3177
3189
3233
3316
3320
3335
3338
3487
3547
3947
3948
3950
3953
3990
3991
3993
4071
4100
4162
4163
4202
4203
4204
4205
4206
4209
4210
4211
4421
4423
4424
4436
4481
4489
4568
4569
4570
4576
4628
