10000
35
145
151
158
161
162
163
166
170
174
204
208
217
218
237
238
239
241
242
243
244
245
246
248
249
250
251
252
253
254
255
256
257
258
259
260
261
263
268
269
297
332
339
341
342
343
346
353
355
357
359
360
399
401
402
404
405
406
408
409
410
411
412
414
415
416
417
418
419
420
421
422
423
424
425
426
427
428
429
441
444
445
450
453
454
456
464
469
470
471
475
476
484
485
486
496
497
499
500
502
503
504
506
511
516
518
519
523
524
526
528
529
531
534
535
536
537
538
539
540
542
543
544
545
546
551
552
553
554
555
559
562
563
564
565
567
569
570
571
573
574
575
576
577
578
579
580
581
582
583
584
585
586
587
588
589
590
591
592
593
594
596
597
598
609
614
615
616
777
1530
1533
1534
1535
1536
1537
1538
1540
1541
1543
1547
1548
1549
1550
1551
1552
1554
1561
1562
1563
1566
1568
1569
1571
1572
1576
1577
1582
1584
1586
1587
1589
1590
1591
1592
1596
1606
1609
1612
1613
1616
1621
1622
1628
1629
1636
1637
1642
1644
1659
1666
1670
1673
1674
1675
1682
1687
1694
1695
1696
1697
1698
1700
1701
1702
1703
1705
2092
2107
2179
2305
2322
2703
2707
2709
2711
2724
2733
2774
2775
2776
2783
2803
2808
2817
2819
2823
2825
2826
2827
2829
2848
2861
2864
2873
2880
2888
2897
2928
2935
2943
2951
2957
2969
2977
3000
3008
3025
3037
3043
3045
3069
3071
3078
3080
3101
3102
3104
3166
3183
3184
3185
3186
3187
3188
3189
3190
3191
3192
3193
3194
3195
3196
3197
3198
3199
3200
3201
3202
3203
3204
3205
3206
3207
3208
3209
3210
3211
3215
3216
3217
3218
3219
3220
3221
3222
3223
3224
3225
3226
3227
3228
3229
3230
3231
3232
3233
3234
3235
3236
3237
3238
3239
3240
3241
3242
3243
3244
3245
3246
3247
3248
3249
3250
3251
3252
3253
3254
3255
3256
3257
3258
3259
3260
3261
3262
3263
3264
3265
3266
3267
3268
3269
3270
3271
3272
3273
3274
3275
3276
3277
3278
3279
3280
3281
3282
3283
3284
3285
3286
3287
3288
3289
3290
3291
3292
3293
3294
3295
3296
3297
3298
3299
3300
3301
3302
3303
3304
3305
3306
3307
3308
3309
3310
3311
3312
3313
3314
3315
3316
3317
3318
3319
3320
3321
3322
3323
3324
3325
3326
3327
3328
3329
3330
3331
3332
3333
3334
3335
3336
3337
3338
3339
3340
3341
3342
3343
3344
3345
3346
3347
3348
3349
3350
3351
3352
3353
3354
3355
3356
3357
3358
3359
3360
3361
3362
3363
3364
3365
3366
3367
3368
3369
3370
3371
3372
3373
3374
3375
3376
3377
3378
3379
3380
3381
3382
3383
3384
3385
3386
3387
3388
3389
3390
3391
3392
3393
3394
3395
3396
3397
3398
3399
3400
3401
3402
3403
3404
3405
3406
3407
3408
3409
3410
3411
3412
3413
3414
3415
3416
3417
3418
3419
3420
3421
3422
3423
3424
3425
3426
3427
3428
3429
3430
3431
3432
3433
3434
3435
3436
3437
3438
3439
3440
3441
3442
3443
3444
3445
3446
3447
3448
3449
3450
3451
3452
3453
3454
3455
3456
3457
3458
3459
3460
3461
3462
3463
3464
3465
3466
3467
3468
3469
3470
3471
3472
3473
3474
3475
3476
3477
3478
3479
3480
3481
3482
3483
3484
3485
3486
3487
3488
3489
3490
3491
3492
3493
3494
3495
3496
3497
3498
3499
3500
3501
3502
3503
3504
3505
3506
3507
3508
3509
3510
3511
3512
3513
3514
3515
3516
3517
3518
3519
3520
3521
3522
3523
3524
3525
3526
3527
3528
3529
3530
3531
3532
3533
3534
3535
3536
3537
3538
3539
3540
3541
3542
3543
3544
3545
3546
3547
3548
3549
3550
3551
3552
3553
3554
3555
3556
3557
3558
3559
3560
3561
3562
3563
3564
3565
3566
3567
3568
3569
3570
3571
3572
3573
3574
3575
3576
3577
3578
3579
3580
3581
3582
3583
3584
3585
3586
3587
3588
3589
3590
3591
3592
3593
3594
3595
3596
3600
3601
3602
3603
3604
3605
3606
3607
3608
3609
3610
3611
3612
3615
3616
3617
3618
3619
3620
3621
3622
3623
3624
3625
3626
3627
3628
3629
3630
3631
3632
3633
3634
3635
3636
3637
3638
3639
3640
3641
3642
3643
3644
3645
3646
3647
3648
3649
3650
3651
3652
3653
3654
3655
3656
3657
3658
3659
3660
3661
3662
3663
3664
3665
3666
3667
3668
3669
3670
3671
3672
3673
3674
3675
3676
3677
3678
3679
3680
3681
3682
3683
3684
3685
3686
3687
3688
3689
3690
3691
3692
3693
3694
3695
3696
3697
3698
3699
3700
3701
3702
3703
3704
3705
3706
3707
3708
3709
3710
3711
3712
3713
3714
3715
3716
3717
3718
3719
3720
3721
3722
3723
3724
3725
3726
3727
3728
3729
3730
3731
3732
3733
3734
3735
3736
3737
3738
3739
3740
3741
3742
3743
3744
3746
3747
3748
3750
3751
3752
3753
3754
3755
3756
3757
3759
3761
3762
3764
3767
3769
3770
3788
5621
5893
5894
5895
5896
5897
5898
5899
5900
5901
5902
5903
5904
5905
7035
7037
7038
7039
7040
7041
7042
7043
7044
7045
7046
7047
7048
7056
7250
7402
7504
7549
7550
7644
7646
7647
7648
7650
7651
7652
7653
7654
7657
7658
7659
7660
7661
7665
7666
7668
7669
7670
7671
7672
7675
7676
7677
7678
7679
7680
7681
7682
7683
7684
7685
7686
7687
7688
7689
7690
7691
7692
7693
7694
7695
7696
7697
7699
7701
7702
7703
7704
7705
7706
7708
7709
7710
7711
7712
7713
7714
7715
7716
7717
7718
7720
7722
7723
7726
7728
7729
7747
7769
7770
7772
7773
7782
7783
7784
7785
7786
7787
7788
7789
7790
7791
7792
7793
7794
7795
7796
7797
7798
7799
7800
7801
7802
7803
7804
7805
7806
7807
7808
7809
7810
7811
7812
7814
7815
7816
7817
7818
7819
7821
7822
7825
7826
7827
7828
7829
7830
7831
7832
7833
7834
7835
7838
7839
7840
7842
7843
7847
7848
7849
7850
7851
7852
7853
7855
7856
7857
7858
7859
7860
7861
7863
7864
7865
7866
7867
7868
7870
7871
7872
7873
7874
7875
7876
7877
7880
7881
7883
7885
7886
7887
7889
7890
7891
7892
7894
7897
7898
7899
7900
7901
7902
7903
7904
7905
7906
7907
7908
7909
7910
7911
7912
7914
7915
7917
7922
7923
7924
7930
7931
7932
7963
8076
8622
8629
9622
9623
9640
9977
10202
10203
10843
10844
10845
10846
10847
10848
10849
10850
10851
10852
10853
10854
10855
10856
10857
10858
10859
10860
10861
10862
10863
10864
10865
10866
10867
10869
10870
10871
10872
10873
10874
10875
10876
10877
10878
10879
10880
10881
10882
10883
10885
10886
10887
10888
10889
10890
10891
10892
10893
10894
10895
10896
10897
10898
10899
10900
10901
10902
10903
10904
10905
10906
10907
10909
10910
10911
10912
10913
10917
10918
10919
10920
10921
10922
10923
10924
10926
10927
10928
10929
10930
10931
10932
10933
10934
10935
10936
10937
10938
10939
10940
10941
10942
10943
10944
10945
10946
10947
10948
10949
10950
10951
10952
10953
10954
10955
10956
10957
10958
10959
10960
10961
10962
10963
10964
10965
10966
10967
10968
10969
10970
10971
10972
10973
10974
10976
10977
10978
10979
10980
10981
10982
10983
10984
10985
10986
10988
10989
10990
10991
10992
10993
10994
10995
10997
10998
10999
11000
11001
11002
11003
11004
11005
11006
11007
11008
11009
11010
11011
11012
11013
11014
11015
11016
11017
11018
11019
11020
11021
11022
11023
11025
11026
11027
11028
11029
11030
11031
11032
11033
11034
11035
11036
11037
11038
11039
11040
11041
11042
11043
11044
11045
11047
11048
11049
11050
11051
11052
11053
11054
11056
11057
11058
11059
11060
11061
11062
11063
11064
11065
11066
11067
11068
11069
11070
11071
11072
11073
11075
11076
11077
11078
11080
11081
11082
11083
11084
11085
11086
11087
11088
11089
11090
11091
11092
11093
11094
11095
11096
11097
11098
11099
11100
11101
11102
11103
11104
11105
11106
11107
11108
11109
11110
11111
11113
11114
11116
11117
11118
11119
11120
11121
11122
11123
11124
11125
11126
11128
11129
11130
11131
11132
11133
11134
11135
11137
11138
11139
11141
11142
11143
11144
11145
11146
11149
11150
11151
11152
11153
11154
11155
11157
11158
11159
11160
11161
11162
11163
11164
11165
11166
11167
11169
11170
11171
11172
11173
11175
11176
11177
11178
11179
11180
11181
11182
11183
11184
11185
11186
11187
11188
11189
11190
11191
11192
11193
11194
11195
11196
11197
11198
11199
11200
11201
11202
11203
11205
11206
11207
11208
11209
11210
11211
11212
11213
11214
11215
11216
11217
11218
11219
11220
11221
11222
11223
11224
11225
11226
11227
11228
11229
11230
11231
11232
11233
11234
11235
11236
11237
11238
11239
11240
11241
11242
11243
11244
11245
11246
11247
11249
11250
11251
11252
11253
11254
11255
11256
11257
11258
11259
11260
11261
11262
11263
11264
11265
11266
11267
11268
11269
11270
11271
11272
11273
11274
11275
11277
11278
11279
11280
11281
11282
11283
11284
11285
11286
11287
11288
11289
11290
11291
11292
11293
11294
11295
11296
11297
11298
11299
11300
11301
11302
11304
11305
11306
11307
11310
11311
11312
11313
11314
11315
11316
11317
11318
11319
11320
11321
11322
11323
11324
11325
11326
11327
11328
11329
11330
11331
11332
11333
11334
11335
11336
11337
11338
11339
11340
11342
11343
11344
11345
11346
11347
11348
11349
11350
11351
11352
11353
11354
11355
11356
11357
11358
11359
11360
11361
11362
11363
11364
11365
11366
11367
11368
11369
11370
11371
11372
11373
11374
11375
11376
11377
11378
11379
11380
11381
11382
11383
11384
11385
11386
11387
11388
11389
11390
11391
11392
11393
11394
11395
11396
11397
11398
11399
11400
11401
11402
11403
11404
11405
11406
11407
11408
11409
11411
11413
11414
11415
11416
11417
11418
11419
11420
11421
11422
11423
11424
11425
11426
11427
11428
11429
11430
11431
11432
11433
11435
11436
11437
11438
11439
11440
11441
11442
11443
11444
11445
11446
11447
11448
11449
11450
11451
11452
11453
11454
11455
11456
11459
11460
11461
11463
11464
11465
11466
11479
11483
11507
11733
11736
11830
11839
11846
11859
11860
11872
11884
11938
11953
12096
12188
12482
12497
12512
12521
12528
12549
12639
13070
13106
13109
13110
13112
13142
13147
13149
13150
13151
13211
13213
13215
13234
13238
13260
13282
13292
13307
13434
13764
13765
13766
13767
13768
13769
13770
13771
13772
13773
13774
13775
13776
13777
13778
13779
13780
13781
13782
13783
13784
13785
13786
13787
13788
13789
13790
13791
13792
13793
13794
13795
13796
13797
13798
13799
13800
13801
13802
13803
13804
13805
13806
13807
13808
13809
13810
13811
13812
13813
13814
13815
13816
13817
13818
13819
13820
13821
13822
13823
13824
13825
13826
13827
13828
13829
13830
13831
13832
13833
13834
13835
13836
13837
13838
13839
13840
13841
13842
13843
13844
13845
13846
13847
13848
13849
13850
13851
13852
13853
13854
13855
13856
13857
13858
13859
13860
13861
13862
13863
13864
13865
13866
13867
13868
13869
13870
13871
13872
13873
13874
13875
13876
13877
13878
13879
13880
13881
13882
13883
13884
13885
13886
13887
13888
13889
13890
13891
13892
13893
13894
13895
13896
13897
13898
13899
13900
13901
13902
13903
13904
13905
13906
13907
13908
13909
13910
13911
13912
13913
13914
13915
13916
13917
13918
13919
13920
13921
13922
13923
13924
13925
13926
13927
13928
13929
13930
13931
13932
13933
13934
13935
13936
13937
13938
13939
13940
13941
13942
13943
13944
13945
13946
13947
13948
13949
13950
13951
13952
13953
13954
13955
13956
13957
13958
13959
13960
13961
13962
13963
13964
13965
13966
13967
13968
13969
13970
13971
13972
13973
13974
13975
13976
13977
13978
13979
13980
13981
13982
13983
13984
13985
13986
13987
13988
13989
13990
13991
13992
13993
13994
13995
13996
13997
13998
13999
14000
14001
14002
14003
14004
14005
14006
14007
14008
14009
14010
14011
14012
14013
14014
14015
14016
14017
14018
14019
14020
14021
14022
14023
14024
14025
14026
14027
14028
14029
14030
14031
14032
14033
14034
14035
14036
14037
14038
14039
14040
14041
14042
14043
14044
14045
14046
14047
14048
14049
14050
14051
14052
14053
14054
14055
14056
14057
14058
14059
14060
14061
14062
14063
14064
14065
14066
14067
14068
14069
14070
14071
14072
14073
14074
14075
14076
14077
14078
14079
14080
14081
14082
14083
14084
14085
14086
14087
14088
14089
14090
14091
14092
14093
14094
14095
14096
14097
14098
14099
14100
14101
14102
14103
14104
14105
14106
14107
14108
14109
14110
14111
14112
14113
14114
14115
14116
14117
14118
14119
14120
14121
14122
14123
14124
14125
14126
14127
14128
14129
14130
14131
14132
14133
14134
14135
14136
14137
14138
14139
14140
14141
14142
14143
14144
14145
14146
14147
14148
14149
14150
14151
14152
14153
14154
14155
14156
14157
14158
14159
14160
14161
14162
14163
14164
14165
14166
14167
14168
14169
14170
14171
14172
14173
14174
14175
14176
14177
14178
14179
14180
14181
14182
14183
14184
14185
14186
14187
14188
14189
14190
14191
14192
14193
14194
14195
14196
14197
14198
14199
14200
14201
14202
14203
14204
14205
14206
14207
14208
14209
14210
14211
14212
14213
14214
14215
14216
14217
14218
14219
14220
14221
14222
14223
14224
14225
14226
14227
14228
14229
14230
14231
14232
14233
14234
14235
14236
14237
14238
14239
14240
14241
14242
14243
14244
14245
14246
14247
14248
14249
14250
14251
14252
14253
14254
14255
14256
14257
14258
14259
14260
14261
14262
14263
14264
14265
14266
14267
14268
14269
14270
14271
14272
14273
14274
14275
14276
14277
14278
14279
14280
14281
14282
14283
14284
14285
14286
14287
14288
14289
14290
14291
14292
14293
14294
14295
14296
14297
14298
14299
14300
14301
14302
14303
14304
14305
14306
14307
14308
14309
14310
14311
14312
14313
14314
14315
14316
14317
14318
14319
14320
14321
14322
14323
14324
14325
14326
14327
14328
14329
14330
14331
14332
14333
14334
14335
14336
14337
14338
14339
14340
14341
14342
14343
14344
14345
14346
14347
14348
14349
14350
14351
14352
14353
14354
14355
14356
14357
14358
14359
14360
14361
14362
14363
14364
14365
14366
14367
14368
14369
14370
14371
14372
14373
14374
14375
14376
14377
14378
14379
14380
14381
14382
14383
14384
14385
14386
14387
14388
14389
14390
14391
14392
14393
14394
14395
14396
14397
14398
14399
14400
14401
14402
14403
14404
14405
14406
14407
14408
14409
14410
14411
14412
14413
14414
14415
14416
14417
14418
14419
14420
14421
14422
14423
14424
14425
14426
14427
14428
14429
14430
14431
14432
14433
14434
14435
14436
14437
14438
14439
14440
14441
14442
14443
14444
14445
14446
14447
14448
14449
14450
14451
14452
14453
14454
14455
14456
14457
14458
14459
14460
14461
14462
14463
14464
14465
14466
14467
14468
14469
14470
14471
14472
14473
14474
14475
14476
14477
14478
14479
14480
14481
14482
14483
14484
14485
14486
14487
14488
14489
14490
14491
14492
14493
14494
14495
14496
14497
14498
14499
14500
14501
14502
14503
14504
14505
14506
14507
14508
14509
14510
14511
14512
14513
14514
14515
14516
14517
14518
14519
14520
14521
14522
14523
14524
14525
14526
14527
14528
14529
14530
14531
14532
14533
14534
14535
14536
14537
14538
14539
14540
14541
14542
14543
14544
14545
14546
14547
14548
14549
14550
14551
14552
14553
14554
14555
14556
14557
14558
14559
14560
14561
14562
14563
14564
14565
14566
14567
14568
14569
14570
14571
14572
14573
14574
14575
14576
14577
14578
14579
14580
14581
14582
14583
14584
14585
14586
14587
14588
14589
14590
14591
14592
14593
14594
14595
14596
14597
14598
14599
14600
14601
14602
14603
14604
14605
14606
14607
14608
14609
14610
14611
14612
14613
14614
14615
14616
14617
14618
14619
14620
14621
14622
14623
14624
14625
14626
14627
14628
14629
14630
14631
14632
14633
14641
14642
14643
14644
14645
14646
14647
14648
14649
14650
14651
14652
14653
14654
14655
14656
14657
14658
14659
14660
14661
14662
14663
14664
14665
14666
14667
14668
14669
14670
14671
14672
14673
14674
14675
14676
14677
14678
14679
14680
14681
14682
14683
14684
14685
14686
14687
14688
14689
14690
14691
14692
14693
14694
14695
14696
14697
14698
14699
14700
14701
14702
14703
14704
14705
14706
14707
14708
14709
14710
14711
14712
14713
14714
14715
14716
14717
14718
14719
14720
14721
14722
14723
14724
14725
14726
14727
14728
14729
14730
14731
14732
14733
14734
14735
14736
14737
14738
14739
14740
14741
14742
14743
14744
14745
14746
14747
14748
14749
14750
14751
14752
14753
14754
14755
14756
14757
14758
14759
14760
14761
14762
14763
14764
14765
14766
14767
14768
14769
14770
14771
14772
14773
14774
14775
14776
14777
14778
14779
14780
14781
14782
14783
14784
14785
14786
14787
14788
14789
14790
14791
14792
14793
14794
14795
14796
14797
14798
14799
14800
14801
14802
14803
14804
14805
14806
14807
14808
14809
14810
14811
14812
14813
14814
14815
14816
14817
14818
14819
14820
14821
14822
14823
14824
14825
14826
14827
14828
14829
14830
14831
14832
14833
14834
14835
14836
14837
14838
14839
14840
14841
14842
14843
14844
14845
14846
14847
14848
14849
14850
14851
14852
14853
14854
14855
14856
14857
14858
14859
14860
14861
14862
14863
14864
14865
14866
14867
14868
14869
14870
14871
14872
14873
14874
14875
14876
14877
14878
14879
14880
14881
14882
14883
14884
14885
14886
14887
14888
14889
14890
14891
14892
14893
14894
14895
14896
14897
14898
14899
14900
14901
14902
14903
14904
14905
14906
14907
14908
14909
14910
14911
14912
14913
14914
14915
14916
14917
14918
14919
14920
14921
14922
14923
14924
14925
14926
14927
14928
14929
14930
14931
14932
14933
14934
14935
14936
14937
14938
14939
14940
14941
14942
14943
14944
14945
14946
14947
14948
14949
14950
14951
14952
14953
14954
14955
14956
14957
14958
14959
14960
14961
14962
14963
14964
14965
14966
14967
14968
14969
14970
14971
14972
14973
14974
14975
14976
14977
14978
14979
14980
14981
14982
14983
14984
14985
14986
14987
14988
14989
14990
14991
14992
14993
14994
14995
14996
14997
14998
14999
15000
15001
15002
15003
15004
15005
15006
15007
15008
15009
15010
15011
15012
15013
15014
15015
15016
15017
15018
15019
15020
15021
15022
15023
15024
15025
15026
15027
15028
15029
15030
15031
15032
15033
15034
15035
15036
15037
15038
15039
15040
15041
15042
15043
15044
15045
15046
15047
15048
15049
15050
15051
15052
15053
15054
15055
15056
15057
15058
15059
15239
15241
15245
15255
15257
15288
15316
15535
15613
15771
15772
15773
15775
15777
15782
15784
15785
15790
15792
15799
15807
15819
15823
15825
15833
15835
15837
15876
15877
15907
15931
15948
15950
15982
15983
15984
15985
15986
15987
15997
16001
16002
16003
16006
16007
16013
16159
16166
16174
16258
16330
16845
16846
16848
16852
16957
17414
17486
17879
17880
17901
17904
18355
18356
18358
18391
18399
18412
18422
18435
18470
18562
18568
18583
18598
19102
19450
19474
19494
19787
20204
20210
20238
20258
20712
20723
21198
21230
21256
21802
21857
22123
22127
22129
22130
22142
22149
22181
22188
22206
22214
22217
22289
22567
22598
22912
22922
23099
23292
23338
23679
23948
23954
23956
24305
24306
24610
25195
25211
25427
25565
25884
26049
26211
26665
26810
27124
27406
27477
27555
27597
27622
27623
27766
28712
28817
28988
29266
29268
29557
29559
29576
29580
29581
29584
29622
29629
30182
30639
30645
31201
31491
32090
33237
33397
33637
33662
34053
34663
35068
35295
35300
35307
35377
35404
36928
37220
37967
38297
38381
38484
38517
38546
38900
38986
39203
39521
39795
39932
40976
41011
41104
41186
41622
41631
41632
41636
42074
43339
44062
44072
44103
44329
44400
44437
44753
44797
45099
45607
45837
46220
46605
46606
46607
46608
46609
46610
46611
46612
46613
46614
46615
46616
46617
46618
46619
46620
46621
46622
46623
46624
46625
46626
46627
46628
46629
46630
46631
46632
46633
46634
46635
46636
46637
46638
46639
46640
46641
46642
46643
46644
46645
46646
46647
46648
46649
46650
46651
46652
46653
46654
46655
46656
46657
46658
46659
46660
46661
46662
46663
46664
46665
46666
46667
46668
46669
46670
46671
46672
46673
46674
46675
46676
46677
46678
46679
46680
46682
46683
46684
46685
46686
46687
46688
46689
46690
46691
46692
46693
46694
46695
46696
46697
46698
46699
46700
46701
46702
46703
46704
46705
46706
46707
46708
46709
46710
46711
46712
46713
46714
46715
46716
46717
46718
46719
46720
46721
46722
46723
46724
46725
46726
46727
46728
46729
46730
46731
46732
46733
46734
46735
46736
46737
46738
46739
46740
46741
46742
46743
46744
46745
46746
46747
46748
46749
46750
46751
46752
46753
46754
46755
46756
46757
46758
46759
46760
46761
46762
46763
46764
46765
46766
46767
46768
46769
46770
46771
46772
46773
46774
46775
46776
46777
46778
46779
46780
46781
46782
46783
46784
46785
46786
46787
46788
46789
46790
46791
46792
46793
46794
46795
46796
46797
46798
46799
46800
46801
46802
46803
46804
46805
46806
46807
46808
46809
46810
46811
46812
46813
46814
46815
46816
46817
46818
46819
46820
46821
46822
46823
46824
46825
46826
46827
46828
46829
46830
46831
46832
46833
46834
46835
46836
46837
46838
46839
46840
46841
46842
46843
46844
46845
46846
46847
46848
46849
46850
46851
46852
46853
46854
46855
46856
46857
46858
46859
46860
46861
46862
46863
46864
46865
46866
46867
46868
46869
46870
46871
46872
46873
46874
46875
46876
46879
46880
46881
46882
46883
46884
46885
46886
46887
46888
46889
46890
46891
46892
46893
46894
46895
46896
46897
46898
46899
46900
46901
46902
46903
46904
46905
46906
46907
46908
46909
46910
46911
46912
46913
46914
46915
46916
46917
46918
46919
46920
46921
46922
46923
46924
46925
46926
46927
46928
46929
46930
46931
46932
46933
46934
46935
46936
46937
46938
46939
46940
46941
46942
46943
46944
46945
46946
46947
46948
46949
46950
46951
46952
46953
46954
46955
46956
46957
46958
46959
46960
46961
46962
46963
46964
46965
46966
46967
46968
46969
46970
46971
46972
46973
46974
46975
46976
46977
46978
46979
46980
46981
46982
46983
46984
46985
46986
46987
46988
46989
46990
46991
46992
46993
46994
46995
46996
46997
46998
46999
47000
47001
47002
47003
47004
47005
47006
47007
47008
47009
47010
47011
47012
47013
47014
47015
47016
47017
47018
47019
47021
47022
47023
47024
47025
47026
47027
47028
47029
47030
47031
47032
47033
47034
47035
47036
47037
47038
47039
47040
47041
47042
47043
47044
47045
47046
47047
47048
47049
47050
47051
47052
47053
47054
47055
47056
47057
47058
47059
47060
47061
47062
47063
47064
47065
47066
47067
47068
47069
47070
47071
47072
47073
47074
47075
47076
47077
47078
47079
47080
47081
47082
47083
47084
47085
47086
47087
47088
47089
47090
47091
47092
47093
47094
47095
47096
47097
47098
47099
47100
47101
47102
47103
47104
47105
47106
47107
47108
47109
47110
47111
47112
47113
47114
47115
47116
47117
47118
47119
47120
47121
47122
47123
47124
47125
47126
47127
47128
47129
47130
47131
47132
47133
47134
47135
47136
47137
47138
47139
47140
47141
47142
47143
47144
47145
47146
47147
47148
47149
47150
47151
47152
47153
47154
47155
47156
47157
47158
47159
47160
47161
47162
47163
47164
47165
47166
47167
47168
47169
47170
47171
47172
47173
47174
47175
47176
47177
47178
47179
47180
47181
47182
47183
47184
47185
47186
47187
47188
47189
47190
47191
47192
47193
47194
47195
47196
47197
47198
47199
47200
47201
47202
47203
47204
47205
47206
47207
47208
47209
47210
47211
47212
47213
47214
47215
47216
47217
47218
47219
47220
47221
47222
47223
47224
47225
47226
47227
47228
47229
47230
47231
47232
47233
47234
47235
47236
47237
47238
47239
47240
47241
47242
47243
47244
47245
47246
47247
47248
47249
47250
47251
47252
47253
47254
47255
47256
47257
47258
47259
47260
47261
47262
47263
47264
47265
47266
47267
47268
47269
47270
47271
47272
47273
47274
47275
47276
47277
47278
47279
47280
47281
47282
47283
47284
47285
47286
47288
47289
47290
47291
47292
47293
47294
47295
47296
47297
47298
47299
47300
47301
47302
47303
47304
47305
47306
47307
47308
47309
47310
47311
47312
47313
47314
47315
47316
47317
47318
47319
47320
47321
47322
47323
47324
47325
47326
47327
47328
47329
47330
47331
47332
47333
47334
47335
47336
47337
47338
47339
47340
47341
47342
47343
47344
47345
47346
47347
47348
47349
47350
47351
47352
47353
47354
47355
47356
47357
47358
47359
47360
47361
47362
47363
47364
47365
47366
47367
47368
47369
47370
47371
47372
47373
47374
47375
47376
47377
47378
47379
47380
47381
47382
47383
47384
47385
47386
47387
47388
47389
47390
47391
47392
47393
47394
47395
47396
47397
47398
47399
47400
47401
47402
47403
47404
47405
47406
47408
47409
47410
47411
47412
47413
47414
47415
47972
47989
48043
48821
50372
50611
51042
51395
51421
51422
51708
51761
52230
52730
52731
52732
52733
52734
52735
52736
52737
52738
52739
52740
52741
52742
52743
52744
52745
52746
52747
52748
52749
52750
52751
52752
52753
52754
52755
52756
52757
52758
52759
52760
52761
52762
52763
52764
52765
52766
52767
52768
52769
52770
52771
52772
52773
52774
52775
52776
52777
52778
52779
52780
52781
52782
52783
52784
52785
52786
52787
52788
52789
52790
52791
52792
52793
52794
52795
52796
52797
52798
52799
52800
52801
52802
52803
52804
52805
52806
52807
52808
52809
52810
52811
52812
52813
52814
52815
52816
52817
52818
52819
52820
52821
52822
52823
52824
52825
52826
52827
52828
52829
52830
52831
52832
52833
52834
52835
52836
52837
52838
52839
52840
52841
52842
52843
52844
52845
52846
52847
52848
52849
52850
52851
52852
52853
52854
52855
52856
52857
52858
52859
52860
52861
52862
52863
52864
52865
52866
52867
52868
52869
52870
52871
52872
52873
52874
52875
52876
52877
52878
52879
52880
52881
52882
52883
52884
52885
52886
52887
52888
52889
52890
52891
52892
52893
52894
52895
52896
52897
52898
52899
52900
52901
52902
52903
52904
52905
52906
52907
52908
52909
52910
52911
52912
52913
52914
52915
52916
52917
52918
52919
52920
52921
52922
52923
52924
52925
52926
52927
52928
52929
52930
52931
52932
52933
52934
52935
52936
52937
52938
52939
52940
52941
52942
52943
52944
52945
52946
52947
52948
52949
52950
52951
52952
52953
52954
52955
52956
52957
52958
52959
52960
52961
52962
52963
52964
52965
52966
52967
52968
52969
52970
52971
52972
52973
52974
52975
52976
52977
52978
52979
52980
52981
52982
52983
52984
52985
52986
52987
52988
52989
52990
52991
52992
52993
52994
52995
52996
52997
52998
52999
53000
53001
53002
53003
53004
53005
53006
53007
53008
53009
53010
53011
53012
53013
53014
53015
53016
53017
53018
53019
53020
53021
53022
53023
53024
53025
53026
53027
53028
53029
53030
53031
53032
53033
53034
53035
53036
53037
53038
53039
53040
53041
53042
53043
53044
53045
53046
53047
53048
53049
53050
53051
53052
53053
53054
53055
53056
53057
53058
53059
53060
53061
53062
53063
53064
53065
53066
53067
53068
53069
53070
53071
53072
53073
53074
53075
53076
53077
53078
53079
53080
53081
53082
53083
53084
53085
53086
53087
53088
53089
53090
53091
53092
53093
53094
53095
53096
53097
53098
53099
53100
53101
53102
53103
53104
53105
53106
53107
53108
53109
53110
53111
53112
53113
53114
53115
53116
53117
53118
53119
53120
53121
53122
53123
53124
53125
53126
53127
53128
53129
53130
53131
53132
53133
53134
53135
53136
53137
53138
53139
53140
53141
53142
53143
53144
53145
53146
53147
53148
53149
53150
53151
53152
53153
53154
53155
53156
53157
53158
53159
53160
53161
53162
53163
53164
53165
53166
53167
53168
53169
53170
53171
53172
53173
53174
53175
53176
53177
53178
53179
53180
53181
53182
53183
53184
53185
53186
53187
53188
53189
53190
53191
53192
53193
53194
53195
53196
53197
53198
53199
53200
53201
53202
53203
53204
53205
53206
53207
53208
53209
53210
53211
53212
53213
53214
53215
53216
53217
53218
53219
53220
53221
53222
53223
53224
53225
53226
53227
53228
53229
53230
53231
53232
53233
53234
53235
53236
53237
53660
53905
53907
53910
53914
53957
54040
54629
55583
55897
56265
56550
56722
56755
56756
56844
56852
57160
57233
57360
57755
57955
58042
58228
58229
58230
58231
58232
58233
58234
58235
58236
58237
58238
58239
58240
58241
58242
58243
58244
58245
58246
58247
58248
58249
58250
58251
58252
58253
58254
58255
58256
58257
58258
58259
58260
58261
58262
58263
58264
58265
58266
58267
58268
58269
58270
58271
58272
58273
58274
58275
58276
58277
58278
58279
58280
58281
58282
58283
58284
58285
58286
58287
58288
58289
58290
58291
58292
58293
58294
58295
58296
58297
58298
58299
58300
58301
58302
58303
58304
58305
58306
58307
58308
58309
58310
58311
58312
58313
58314
58315
58316
58317
58318
58319
58320
58321
58322
58323
58324
58325
58326
58327
58328
58329
58330
58331
58332
58333
58334
58335
58336
58337
58338
58339
58340
58341
58342
58343
58344
58345
58346
58347
58348
58349
58350
58351
58352
58353
58354
58355
58356
58357
58358
58359
58360
58361
58362
58363
58364
58365
58366
58367
58368
58369
58370
58371
58372
58373
58374
58375
58376
58377
58378
58379
58380
58381
58382
58383
58384
58385
58386
58387
58388
58389
58390
58391
58392
58393
58394
58395
58396
58397
58398
58399
58400
58401
58402
58403
58404
58405
58406
58407
58408
58409
58410
58411
58412
58413
58414
58415
58416
58417
58418
58419
58420
58421
58422
58423
58424
58425
58426
58427
58428
58429
58430
58431
58432
58433
58434
58435
58436
58437
58438
58439
58440
58441
58442
58443
58444
58445
58446
58447
58448
58449
58450
58451
58452
58453
58454
58455
58456
58457
58458
58459
58460
58461
58462
58463
58464
58465
58466
58467
58468
58469
58470
58471
58472
58473
58474
58475
58476
58477
58478
58479
58480
58481
58482
58483
58484
58485
58486
58487
58488
58489
58490
58491
58492
58493
58494
58495
58496
58497
58498
58499
58500
58501
58502
58503
58504
58505
58506
58507
58508
58509
58510
58511
58512
58513
58514
58515
58516
58517
58518
58519
58520
58521
58522
58523
58524
58525
58526
58527
58528
58529
58530
58531
58532
58533
58534
58535
58536
58537
58538
58539
58540
58541
58542
58543
58544
58545
58546
58547
58548
58549
58550
58551
58552
58553
58554
58555
58556
58557
58558
58559
58560
58561
58562
58563
58564
58565
58566
58567
58568
58569
58570
58571
58572
58573
58574
58575
58576
58577
58578
58579
58580
58581
58582
58583
58584
58585
58586
58587
58588
58589
58590
58591
58592
58593
58594
58595
58596
58597
58598
58599
58600
58601
58602
58603
58604
58605
58606
58607
58608
58609
58610
58611
58612
58613
58614
58615
58616
58617
58618
58619
58620
58621
58622
58623
58624
58625
58626
58627
58628
58629
58630
58631
58632
58633
58634
58635
58636
58637
58638
58639
58640
58641
58642
58643
58644
58645
58646
58647
58648
58649
58650
58651
58652
58653
58654
58655
58656
58657
58658
58659
58660
58661
58662
58663
58664
58665
58666
58667
58668
58669
58670
58671
58672
58673
58674
58675
58676
58677
58678
58679
58680
58681
58682
58683
58684
58685
58686
58687
58688
58689
58690
58691
58692
58693
58694
58695
58696
58697
58698
58699
58700
58701
58702
58703
58704
58705
58706
58707
58708
58709
58710
58711
58712
58713
58714
58715
58716
58717
58718
58719
58720
58721
58722
58723
58724
58725
58726
58727
58728
58729
58730
58731
58732
58733
58734
58735
58736
58737
58738
58739
58740
58751
58752
58753
58754
58755
58756
58757
58758
58759
58760
58761
58762
58763
58764
58765
58766
58767
58768
58769
58770
58771
58772
58773
58774
58775
58776
58777
58778
58779
58780
58781
58782
58783
58784
58785
58786
58787
58788
58789
58790
58791
58792
58793
58794
58795
58796
58797
58798
58799
58800
58801
58802
58803
58804
58805
58806
58807
58808
58809
58810
58811
58812
58813
58814
58815
58816
58817
58818
58819
58820
58821
58822
58823
58824
58825
58826
58827
58828
58829
58830
58831
58832
58833
58834
58835
58836
58837
58838
58839
58840
58841
58842
58843
58844
58845
58846
58847
58848
58849
58850
58851
58852
58853
58854
58855
58856
58857
58858
58859
58860
58861
58862
58863
58864
58865
58866
58867
58868
58869
58870
58871
58872
58873
58874
58875
58876
58877
58878
58879
58880
58881
58882
58883
58884
58885
58886
58887
58888
58889
58890
58891
58892
58893
58894
58895
58896
58897
58898
58899
58900
58901
58902
58903
58904
58905
58906
58907
58908
58909
58910
58911
58912
58913
58914
58915
58916
58917
58918
58919
58920
58921
58922
58923
58924
58925
58926
58927
58928
58929
58930
58931
58932
58933
58934
58935
58936
58937
58938
58939
58940
58941
58942
58943
58944
58945
58946
58947
58948
58949
58950
58951
58952
58953
58954
58955
58956
58957
58958
58959
58960
58961
58962
58963
58964
58965
58966
58967
58968
58969
58970
58971
58972
58973
58974
58975
58976
58977
58978
58979
58980
58981
58982
58983
58984
58985
58986
58987
58988
58989
58990
58991
58992
58993
58994
58995
58996
58997
58998
58999
59000
59001
59002
59003
59004
59005
59006
59007
59008
59009
59010
59011
59012
59013
59014
59015
59016
59017
59018
59019
59020
59021
59022
59023
59024
59025
59026
59027
59028
59029
59030
59031
59032
59033
59034
59035
59036
59037
59038
59039
59040
59041
59042
59043
59044
59045
59046
59047
59048
59049
59050
59051
59052
59053
59054
59055
59056
59057
59058
59059
59060
59061
59062
59063
59064
59065
59066
59067
59068
59069
59070
59071
59072
59073
59074
59075
59076
59077
59078
59079
59080
59081
59082
59083
59084
59085
59086
59087
59088
59089
59090
59091
59092
59093
59094
59095
59096
59097
59098
59099
59100
59101
59102
59103
59104
59105
59106
59107
59108
59109
59110
59111
59112
59113
59114
59115
59116
59117
59118
59119
59120
59121
59122
59123
59124
59125
59126
59127
59128
59129
59130
59131
59132
59133
59134
59135
59136
59137
59138
59139
59140
59141
59142
59143
59144
59145
59146
59147
59148
59149
59150
59151
59152
59153
59154
59155
59156
59157
59158
59159
59160
59161
59162
59163
59164
59165
59166
59167
59168
59169
59170
59171
59172
59173
59174
60304
60306
60318
60645
61228
61392
63059
63127
63128
63129
63218
63577
63897
63978
64274
64326
64891
64892
64893
64894
64895
64896
64897
64898
64899
64900
64901
64902
64903
64904
64905
64906
64907
64908
64909
64910
64911
64912
64913
64914
64915
64916
64917
64918
64919
64920
64921
64922
64923
64924
64925
64926
64927
64928
64929
64930
64931
64932
64933
64934
64935
64936
64937
64938
64939
64940
64941
64942
64943
64944
64945
64946
64947
64948
64949
64950
64951
64952
64953
64954
64955
64956
64957
64958
64959
64960
64961
64962
64963
64964
64965
64966
64967
64968
64969
64970
64971
64972
64973
64974
64975
64976
64977
64978
64979
64980
64981
64982
64983
64984
64985
64986
64987
64988
64989
64990
64991
64992
64993
64994
64995
64996
64997
64998
64999
65000
65001
65002
65003
65004
65005
65006
65007
65008
65009
65010
65011
65012
65013
65014
65015
65016
65017
65018
65019
65020
65021
65022
65023
65024
65025
65026
65027
65028
65029
65030
65031
65032
65033
65034
65035
65036
65037
65038
65039
65040
65041
65042
65043
65044
65045
65046
65047
65048
65049
65050
65051
65052
65053
65054
65055
65056
65057
65058
65059
65060
65061
65062
65063
65064
65065
65066
65067
65068
65069
65070
65071
65072
65073
65074
65075
65076
65077
65078
65079
65080
65081
65082
65083
65084
65085
65086
65087
65088
65089
65090
65091
65092
65093
65094
65095
65096
65097
65098
65099
65100
65101
65102
65103
65104
65105
65106
65107
65108
65109
65110
65111
65112
65113
65114
65115
65116
65117
65118
65119
65120
65121
65122
65123
65124
65125
65126
65127
65128
65129
65130
65131
65132
65133
65134
65135
65136
65137
65138
65139
65140
65141
65142
65143
65144
65145
65146
65147
65148
65149
65150
65151
65152
65153
65154
65155
65156
65157
65158
65159
65160
65161
65162
65163
65164
65165
65166
65167
65168
65169
65170
65171
65172
65173
65174
65175
65176
65177
65178
65179
65180
65181
65182
65183
65184
65185
65186
65187
65188
65189
65190
65191
65192
65193
65194
65195
65196
65197
65198
65199
65200
65201
65202
65203
65204
65205
65206
65207
65208
65209
65210
65211
65212
65213
65214
65215
65216
65217
65218
65219
65220
65221
65222
65223
65224
65225
65226
65227
65228
65229
65230
65231
65232
65233
65234
65235
65236
65237
65238
65239
65240
65241
65242
65243
65244
65245
65246
65247
65248
65249
65250
65251
65252
65253
65254
65255
65256
65257
65258
65259
65260
65261
65262
65263
65264
65265
65266
65267
65268
65269
65270
65271
65272
65273
65274
65275
65276
65277
65278
65279
65280
65281
65282
65283
65284
65285
65286
65287
65288
65289
65290
65291
65292
65293
65294
65295
65296
65297
65298
65299
65300
65301
65302
65303
65304
65305
65306
65307
65308
65309
65310
65311
65312
65313
65314
65315
65316
65317
65318
65319
65320
65321
65322
65323
65324
65325
65326
65327
65328
65329
65330
65331
65332
65333
65334
65335
65336
65337
65338
65339
65340
65341
65342
65343
65344
65345
65346
65347
65348
65349
65350
65351
65352
65353
65354
65355
65356
65357
65358
65359
65360
65361
65362
65363
65364
65365
65366
65367
65368
65369
65370
65371
65372
65373
65374
65375
65376
65377
65378
65379
65380
65381
65382
65383
65384
65385
65386
65387
65388
65389
65390
65391
65392
65393
65394
65395
65396
65397
65398
65399
65400
65401
65402
65403
65404
65405
65406
65407
65408
65409
65410
65411
65412
65413
65414
65415
65416
65417
65418
65419
65420
65421
65422
65423
65424
65425
65426
65427
65428
65429
65430
65431
65432
65433
65434
65435
65436
65437
65438
65439
65440
65441
65442
65443
65444
65445
65446
65447
65448
65449
65450
65451
65452
65453
65454
65455
65456
65457
65458
65459
65460
65461
65462
65463
65464
65465
65466
65467
65468
65469
65470
65471
65472
65473
65474
65475
65476
65477
65478
65479
65480
65481
65482
65483
65484
65485
65486
65487
65488
65489
65490
65491
65492
65493
65494
65495
65496
65497
65498
65499
65500
65501
65502
65503
65504
65505
65506
65507
65508
65509
65510
65511
65512
65513
65514
65515
65516
65517
65518
65519
65520
65521
65522
65523
65524
65525
65526
65527
65528
65529
65530
65531
65532
65533
65534
65535
65536
65537
65538
65539
65540
65541
65542
65543
65544
65545
65546
65547
65548
65549
65550
65551
65552
65553
65554
65555
65556
65557
65558
65559
65560
65561
65562
65563
65564
65565
65566
65567
65568
65569
65570
65571
65572
65573
65574
65575
65576
65577
65578
65579
65580
65581
65582
65583
65584
65585
65586
65587
65588
65589
65590
65591
65592
65593
65594
65595
65596
65597
65598
65599
65600
65601
65602
65603
65604
65605
65606
65607
65608
65609
65610
65611
65612
65613
65614
65615
65616
65617
65618
65619
65620
65621
65622
65623
65624
65625
65626
65627
65628
65629
65630
65631
65632
65633
65634
65635
65636
65637
65638
65639
65640
65641
65642
65643
65644
65645
65646
65647
65648
65649
65650
65651
65652
65653
65654
65655
65656
65657
65658
65659
65660
65661
65662
65663
65664
65665
65666
65667
65668
65669
65670
65671
65672
65673
65674
65675
65676
65677
65678
65679
65680
65681
65682
65683
65684
65685
65686
65687
65688
65689
65690
65691
65692
65693
65694
65695
65696
65697
65698
65699
65700
65701
65702
65703
65704
65705
65706
65707
65708
65709
65710
65711
65712
65713
65714
65715
65716
65717
65718
65719
65720
65721
65722
65723
65724
65725
65726
65727
65728
65729
65730
65731
65732
65733
65734
65735
65736
65737
65738
65739
65740
65741
65742
65743
65744
65745
65746
65747
65748
65749
65750
65751
65752
65753
65754
65755
65756
65757
65758
65759
65760
65761
65762
65763
65764
65765
65766
65767
65768
65769
65770
65771
65772
65773
65774
65775
65776
65777
65778
65779
65780
65781
65782
65783
65784
65785
65786
65787
65788
65789
65790
65791
65792
65793
65794
65795
65796
65797
65798
65799
65800
65801
65802
65803
65804
65805
65806
65807
65808
65809
65810
65811
65812
65813
65814
65815
65816
65817
65818
65819
65820
65821
65822
65823
65824
65825
65826
65827
65828
65829
65830
65831
65832
65833
65834
65835
65836
65837
65838
65839
65840
65841
65842
65843
65844
65845
65846
65847
65848
65849
65850
65851
65852
65853
65854
65855
65856
65857
65858
65859
65860
65861
65862
65863
65864
65865
65866
65867
65868
65869
65870
65871
65872
65873
65874
65875
65876
65877
65878
65879
65880
65881
65882
65883
65884
65885
65886
65887
65888
65889
65890
65891
65892
65893
65894
65895
65896
65897
65898
65899
65900
65901
65902
65903
65904
65905
65906
65907
65908
65909
65910
65911
65912
65913
65914
65915
65916
65917
65918
65919
65920
65921
65922
65923
65924
65925
65926
65927
65928
65929
65930
65931
65932
65933
65934
65935
65936
65937
65938
65939
65940
65941
65942
65943
65944
65945
65946
65947
65948
65949
65950
65951
65952
65953
65954
65955
65956
65957
65958
65959
65960
65961
65962
65963
65964
65965
65966
65967
65968
65969
65970
65971
65972
65973
65974
65975
65976
65977
65978
65979
65980
65981
65982
65983
65984
65985
65986
65987
65988
65989
65990
65991
65992
65993
65994
65995
65996
65997
65998
65999
66000
66001
66002
66003
66004
66005
66006
66007
66008
66009
66010
66011
66012
66013
66014
66015
66016
66017
66018
66019
66020
66021
66022
66023
66024
66025
66026
66027
66028
66029
66030
66031
66032
66033
66034
66035
66036
66037
66038
66508
66849
68023
68220
69591
69712
69747
69965
70240
70372
71169
71170
71374
71520
71750
71757
71768
71813
71913
72095
72401
72500
72786
72788
72812
72836
72862
73144
76137
77080
77688
78305
78625
81815
82744
82888
85180
85515
85555
85712
85751
85872
85908
85921
86022
86041
87447
87737
87798
87844
87866
87949
88132
88486
90263
90278
90279
90489
91949
92389
92494
92952
93481
94426
94727
95018
95829
97152
97401
98157
98299
98475
98477
98597
98598
98599
98606
98618
98619
98620
98621
98622
98623
98627
98628
98629
98630
98634
98635
98640
98641
98643
98645
98646
98648
98649
98650
98651
98652
98653
98654
98655
98656
98657
98658
98659
98667
98669
98672
98673
98674
98676
98678
98681
98686
98692
98697
98773
98788
98828
98832
98834
98835
98836
98837
98907
98971
98975
99000
99149
99150
99151
99229
99407
99589
99638
100377
100622
100628
100629
100630
100651
100889
100910
100913
100914
100934
100935
100946
100952
100953
100959
100960
100961
100965
100966
100982
100983
100984
100985
100987
100988
100989
100990
100991
100992
101137
101298
101321
101322
101491
101787
101864
101873
101916
101979
101981
101984
101988
101992
101993
101994
101996
101998
101999
102000
102001
102002
102003
102088
102090
102218
102221
102248
102305
102316
102317
102318
102320
102321
102324
102329
102333
102334
102348
102352
102355
102356
102358
102362
102368
102369
102371
102372
102374
102377
102380
102381
102383
102386
102387
102388
102389
102390
102393
102394
102397
102414
102415
102419
102440
102442
102445
102447
102449
102450
102452
102453
102456
102466
102475
102488
102490
102491
102494
102495
102497
102501
102502
102505
102506
102507
102508
102509
102515
102517
102518
102527
102691
102692
102693
102694
102696
102697
102699
102701
102705
102714
102715
102716
102717
102718
102722
102725
102726
102861
102869
103953
104375
104406
104421
104447
104449
104450
104451
104452
104453
104454
104456
104457
104458
104459
104460
104461
104462
104464
104465
104466
104467
104468
104469
104471
104472
104474
104475
104476
104477
104478
104479
104480
104481
104482
104483
104484
104485
104488
104547
104800
105082
105414
105450
105595
105599
105617
105752
105755
105757
105760
105761
105819
105911
105927
105955
105956
105958
105960
105982
105984
105986
105988
105989
105992
105994
105997
105998
106001
106002
106003
106004
106005
106006
106007
106008
106009
106010
106012
106013
106014
106015
106016
106067
106114
106179
106180
106181
106183
106184
106185
106186
106187
106188
106189
106190
106191
106192
106193
106195
106196
106204
106205
106206
106207
106208
106209
106210
106211
106213
106214
106215
106216
106217
106218
106219
106220
106221
106222
106254
106317
109176
109243
111094
111708
111709
111710
111712
111713
111714
111715
111716
111717
111718
111719
111720
111722
111723
111724
111725
111726
111727
111728
111729
111730
111731
111732
111733
111734
111735
111789
111790
111791
111792
111793
111794
111795
111796
111797
111798
111799
111800
111801
111802
111803
111804
111805
111806
111870
111882
111883
111884
111885
111886
111887
111888
111889
111890
111891
111893
111894
111895
111896
111897
111898
111899
111900
111901
111902
111903
111904
111905
111906
111907
111908
111909
111910
111911
111972
112083
112085
112087
112088
112089
112090
112091
112093
112094
112095
112099
112107
112109
112111
112115
112116
112117
112118
112119
112120
112121
112122
112123
112124
112125
112205
112206
112207
112208
112209
112210
112211
112212
112213
112214
112215
112216
112217
112218
112220
112221
112244
112245
112247
112248
112249
112250
112251
112252
112253
112254
112255
112256
112257
112258
112259
112260
112325
112341
112348
112412
112419
112420
112441
112442
112464
112465
112466
112467
112468
112469
112470
112471
112472
112473
112474
112475
112476
112477
112478
112479
112480
112481
112482
112483
112484
112485
112486
112487
112488
112489
112490
112491
112492
112534
114434
116021
128627
130925
133303
133911
138147
138534
147480
148510
148809
148813
148814
148815
148816
148820
148826
148827
148831
148833
148836
148842
148844
148847
148852
149352
149359
153622
153826
153870
154906
155575
157937
157978
158196
158445
160232
160551
161390
162210
162219
162619
162643
162675
162680
162737
162748
162779
163840
164479
165705
165706
165707
165708
165709
165710
165711
165712
165713
165714
165715
165716
165717
165718
165719
165720
165721
165722
165723
165724
165725
165726
165727
165728
165729
165730
165731
165732
165733
165734
165735
165736
165737
165738
165739
165740
165741
165742
165743
165744
165745
165746
165747
165748
165749
165750
165751
165752
165753
165754
165755
165756
165757
165758
165759
165760
165761
165762
165763
165764
165765
165766
165767
165768
165769
165770
165771
165772
165773
165774
165775
165776
165777
165778
165779
165780
165781
165782
165783
165784
165785
165786
165787
165788
165789
165790
165791
165792
165793
165794
165795
165796
165797
165798
165799
165800
165801
165802
165803
165804
165805
165806
165807
165808
165809
165810
165811
165812
165813
165814
165815
165816
165817
165818
165819
165820
165821
165822
165823
165824
165825
165826
165827
165828
165829
165830
165831
165832
165833
165834
165835
165836
165837
165838
165839
165840
165841
165842
165843
165844
165845
165846
165847
165848
165849
165850
165851
165852
165853
165854
165855
165856
165857
165858
165859
165860
165861
165862
165863
165864
165865
165866
165867
165868
165869
165870
165871
165872
165873
165874
165875
165876
165877
165878
165879
165880
165881
165882
165883
165884
165885
165886
165887
165888
165889
165890
165891
165892
165893
165894
165895
165896
165898
165899
165900
165901
165902
165903
165904
165905
165906
165907
165908
165909
165910
165911
165912
165913
165914
165915
165916
165917
165918
165919
165920
165921
165922
165923
165924
165925
165926
165927
165928
165929
165930
165931
165932
165933
165934
165935
165936
165937
165938
165939
165940
165941
165942
165943
165944
165945
165946
165947
165948
165949
165950
165951
165952
165953
165954
165955
165956
165957
165958
165986
166006
169686
169702
169715
169722
170021
170472
170980
171152
188161
188475
188568
188792
188795
188799
188865
188868
188869
192337
192706
192707
192708
192709
192710
192711
192712
192713
192714
192715
192716
192717
192718
192719
192720
192721
192722
192723
192724
192725
192726
192727
192728
192729
192730
192731
192732
192733
192735
192736
192737
192738
192739
192740
192741
192742
192743
192745
192746
192747
192748
192749
192750
192751
192752
192753
192754
192755
192756
192757
192758
192761
193030
194582
194583
194601
194602
194603
194605
194608
194609
194610
194611
194612
194613
194614
194615
194616
194692
194693
194694
194695
194698
194699
194700
194701
194703
194704
194705
194706
194707
194708
194709
194710
194711
194712
194716
194717
194718
194719
194721
194722
194723
194724
194725
194726
194727
194728
194729
194731
194734
194735
194737
194738
194739
194740
194741
194742
194744
194746
194747
194748
194749
194750
194751
194752
194756
194757
194758
194759
194760
194761
194763
194764
194765
194767
194771
194772
194773
194774
194775
194776
194779
194780
194782
194784
194785
194787
194788
194790
194791
194792
194793
194794
194795
194796
194797
194798
194799
194800
194801
194803
194804
194805
194806
194807
194808
194809
194810
194811
194812
194813
194814
194815
194816
194817
194818
194819
194820
194821
194823
194824
194825
194826
194827
194829
194831
194833
194834
194835
194836
194837
194838
194839
194840
194841
194843
194844
194845
194846
194847
194848
194849
194850
194851
194855
194857
194858
194859
194860
194861
194863
194865
194867
194868
194871
194872
194874
194876
194879
194880
194882
194883
194886
194887
194888
194889
194891
194892
194893
194895
194896
194897
194898
194899
194901
194902
194905
194906
194907
194908
194909
194910
194911
194914
194916
194918
194919
194920
194921
194922
194923
194924
194927
194928
194929
194930
194933
194934
194935
194939
194940
194941
194943
194947
194951
194952
194953
194955
194956
194958
194959
194960
194961
194962
194963
194965
194966
194967
194969
194970
194971
194972
194973
194974
194975
194976
194977
194978
194981
194983
194985
194986
194987
194988
194989
194990
194991
194993
194994
194996
194997
194998
195001
195002
195003
195004
195005
195006
195007
195008
195009
195010
195011
195012
195013
195014
195016
195017
195018
195019
195020
195021
195022
195024
195025
195026
195028
195029
195031
195032
195033
195035
195039
195040
195041
195042
195043
195044
195045
195046
195047
195048
195052
195053
195054
195055
195056
195057
195060
195061
195063
195064
195065
195067
195068
195069
195070
195071
195074
195076
195078
195081
195082
195083
195084
195086
195087
195089
195090
195091
195092
195093
195095
195096
195097
195099
195102
195104
195105
195106
195107
195108
195109
195112
195113
195114
195115
195116
195117
195118
195119
195120
195121
195122
195123
195124
195125
195126
195127
195128
195129
195130
195131
195132
195133
195135
195136
195138
195139
195145
195150
195151
195152
195153
195155
195157
195158
195159
195162
195163
195164
195168
195169
195170
195171
195173
195174
195176
195177
195178
195179
195181
195182
195184
195186
195188
195190
195191
195192
195193
195194
195195
195197
195201
195205
195206
195211
195214
195217
195219
195220
195221
195222
195224
195225
195226
195231
195232
195237
195238
195239
195241
195243
195244
195245
195246
195247
195248
195249
195250
195253
195254
195255
195256
195257
195258
195259
195260
195261
195262
195263
195264
195265
195266
195270
195271
195274
195276
195277
195278
195279
195280
195281
195282
195284
195285
195287
195288
195289
195290
195291
195292
195293
195294
195295
195296
195297
195298
195299
195300
195301
195302
195303
195304
195305
195306
195308
195310
195311
195314
195315
195316
195317
195318
195319
195320
195321
195322
195323
195324
195325
195327
195329
195330
195331
195332
195333
195334
195335
195336
195337
195339
195340
195343
195344
195345
195346
195347
195349
195351
195352
195353
195354
195356
195357
195358
195359
195360
195361
195362
195363
195364
195365
195366
195367
195368
195369
195370
195371
195372
195373
195375
195376
195377
195378
195379
195380
195382
195383
195386
195388
195389
195391
195393
195394
195396
195397
195400
195401
195402
195403
195404
195406
195407
195408
195409
195412
195413
195414
195415
195416
195417
195418
195419
195420
195421
195422
195423
195424
195425
195427
195428
195429
195430
195431
195432
195433
195435
195438
195439
195440
195441
195443
195445
195447
195448
195449
195450
195451
195453
195454
195455
195458
195459
195461
195463
195464
195466
195467
195468
195469
195470
195471
195472
195473
195475
195477
195479
195481
195482
195483
195484
195487
195488
195489
195490
195491
195492
195493
195494
195495
195496
195497
195498
195500
195501
195502
195503
195506
195507
195508
195509
195510
195511
195513
195515
195516
195517
195518
195519
195520
195521
195522
195523
195524
195525
195528
195531
195533
195534
195535
195536
195537
195539
195540
195541
195542
195543
195544
195545
195548
195549
195551
195552
195553
195555
195559
195560
195562
195563
195564
195566
195567
195569
195570
195571
195573
195575
195576
195577
195578
195579
195580
195581
195582
195583
195584
195585
195586
195588
195589
195590
195592
195594
195595
195596
195597
195598
195600
195601
195602
195603
195604
195605
195606
195607
195608
195609
195610
195611
195612
195614
195615
195617
195618
195620
195621
195622
195623
195624
195625
195626
195627
195628
195629
195630
195631
195632
195633
195635
195636
195637
195638
195639
195641
195642
195643
195645
195646
195648
195649
195650
195651
195655
195656
195657
195658
195659
195660
195661
195662
195664
195666
195668
195669
195670
195671
195672
195674
195678
195680
195681
195683
195684
195685
195686
195687
195688
195689
195690
195691
195692
195693
195694
195695
195696
195699
195700
195701
195702
195709
195711
195712
195713
195714
195717
195718
195719
195720
195727
195728
195729
195730
195731
195733
195734
195735
195736
195737
195738
195739
195740
195744
195745
195746
195747
195748
195750
195753
195754
195755
195756
195757
195759
195760
195762
195763
195764
195765
195766
195767
195768
195769
195770
195773
195774
195775
195776
195777
195779
195780
195781
195782
195783
195784
195785
195786
195787
195788
195789
195790
195791
195792
195793
195795
195796
195798
195799
195800
195801
195802
195804
195806
195807
195808
195809
195810
195812
195814
195815
195816
195817
195818
195820
195821
195822
195823
195824
195827
195828
195831
195832
195833
195834
195835
195836
195837
195838
195839
195840
195841
195842
195846
195847
195851
195852
195853
195854
195856
195857
195859
195860
195864
195866
195867
195868
195869
195870
195871
195872
195873
195874
195875
195876
195879
195880
195881
195882
195884
195885
195887
195889
195890
195891
195892
195893
195894
195897
195898
195899
195902
195904
195905
195906
195908
195910
195911
195917
195918
195919
195920
195921
195923
195924
195925
195926
195927
195928
195930
195932
195933
195934
195935
195939
195943
195944
195945
195946
195947
195948
195949
195950
195951
195952
195953
195954
195956
195957
195958
195959
195960
195961
195962
195963
195964
195965
195966
195967
195968
195970
195971
195973
195974
195975
195976
195977
195978
195979
195980
195981
195982
195983
195984
195985
195986
195987
195988
195989
195990
195991
195994
195995
195996
195997
195998
196000
196001
196002
196004
196005
196008
196010
196011
196012
196013
196015
196017
196018
196019
196020
196021
196022
196026
196027
196028
196030
196031
196032
196033
196034
196036
196037
196039
196041
196042
196043
196044
196045
196047
196048
196049
196050
196051
196052
196054
196056
196057
196058
196060
196061
196062
196063
196064
196065
196066
196067
196068
196069
196070
196071
196072
196073
196075
196076
196077
196079
196080
196081
196082
196083
196085
196088
196089
196091
196092
196093
196094
196095
196096
196097
196098
196099
196100
196101
196102
196106
196107
196109
196111
196112
196113
196116
196117
196118
196119
196121
196122
196123
196124
196126
196127
196129
196130
196131
196132
196133
196134
196135
196136
196137
196142
196143
196144
196145
196146
196147
196148
196150
196151
196152
196153
196154
196155
196156
196157
196158
196159
196160
196161
196162
196164
196165
196167
196168
196169
196170
196172
196173
196174
196175
196176
196177
196178
196179
196180
196182
196183
196184
196185
196186
196187
196188
196189
196190
196191
196192
196193
196194
196195
196197
196198
196200
196202
196203
196204
196205
196206
196208
196210
196214
196216
196217
196218
196219
196220
196221
196222
196223
196225
196227
196228
196229
196230
196231
196232
196235
196236
196237
196238
196240
196241
196242
196243
196245
196246
196247
196250
196251
196252
196253
196254
196255
196259
196260
196261
196263
196264
196265
196266
196268
196270
196271
196272
196273
196274
196275
196276
196277
196280
196281
196284
196285
196286
196287
196288
196289
196290
196291
196292
196293
196294
196295
196296
196297
196298
196299
196301
196302
196303
196305
196306
196307
196308
196309
196310
196311
196314
196315
196316
196317
196318
196320
196322
196323
196324
196326
196330
196331
196332
196333
196334
196335
196336
196337
196341
196342
196343
196344
196346
196350
196352
196353
196354
196355
196357
196358
196359
196360
196361
196365
196367
196369
196370
196371
196372
196374
196375
196376
196378
196379
196380
196381
196382
196383
196385
196386
196387
196388
196389
196390
196391
196392
196393
196394
196395
196396
196397
196398
196399
196400
196401
196402
196404
196406
196407
196408
196410
196411
196412
196413
196415
196416
196418
196419
196420
196422
196423
196424
196425
196427
196428
196429
196430
196431
196432
196436
196437
196438
196439
196441
196442
196443
196445
196446
196447
196448
196449
196451
196452
196453
196454
196456
196457
196458
196459
196460
196461
196462
196465
196466
196467
196468
196469
196470
196473
196474
196475
196476
196478
196479
196480
196481
196482
196484
196485
196486
196488
196489
196490
196491
196492
196493
196494
196496
196497
196500
196501
196502
196503
196504
196506
196507
196510
196514
196515
196517
196518
196519
196521
196522
196523
196524
196525
196526
196527
196528
196529
196530
196531
196532
196533
196534
196535
196537
196538
196539
196541
196542
196545
196547
196548
196549
196550
196552
196553
196555
196556
196557
196559
196561
196562
196563
196564
196566
196569
196570
196571
196572
196573
196574
196576
196577
196579
196582
196584
196585
196586
196587
196588
196589
196590
196591
196592
196593
196595
196596
196597
196598
196599
196600
196601
196602
196603
196605
196606
196607
196608
196609
196610
196611
196613
196615
196616
196617
196618
196619
196621
196622
196623
196624
196625
196626
196627
196628
196629
196631
196632
196633
196634
196635
196638
196640
196642
196643
196644
196647
196648
196649
196650
196651
196653
196655
196656
196657
196658
196659
196660
196661
196662
196663
196664
196665
196666
196667
196668
196669
196673
196675
196676
196678
196679
196682
196684
196685
196686
196688
196689
196690
196691
196692
196694
196695
196696
196697
196698
196699
196700
196701
196703
196704
196705
196706
196707
196709
196710
196712
196713
196714
196715
196716
196717
196719
196720
196721
196722
196723
196727
196728
196729
196730
196731
196732
196733
196734
196735
196736
196737
196740
196741
196743
196744
196747
196748
196749
196750
196751
196752
196753
196754
196757
196758
196759
196760
196761
196762
196763
196765
196766
196767
196768
196769
196771
196772
196773
196774
196775
196776
196778
196779
196780
196783
196784
196785
196786
196788
196791
196792
196793
196794
196795
196796
196798
196799
196801
196802
196803
196804
196805
196806
196807
196809
196810
196811
196812
196815
196816
196817
196818
196821
196822
196823
196824
196825
196826
196827
196829
196830
196831
196832
196833
196834
196836
196837
196839
196840
196841
196842
196843
196844
196845
196849
196851
196852
196853
196855
196856
196857
196858
196859
196860
196861
196863
196864
196865
196866
196870
196873
196875
196876
196877
196878
196885
196886
196887
196888
196889
196892
196893
196894
196895
196898
196899
196900
196901
196902
196903
196905
196906
196908
196909
196911
196912
196913
196915
196916
196917
196918
196919
196920
196921
196922
196923
196924
196925
196926
196927
196928
196929
196930
196931
196932
196934
196935
196937
196938
196939
196940
196942
196943
196945
196946
196947
196948
196949
196952
196953
196954
196955
196956
196957
196961
196962
196963
196964
196965
196966
196967
196968
196969
196970
196972
196973
196975
196976
196977
196978
196979
196980
196981
196982
196983
196984
196985
196986
196988
196990
196991
196994
196996
196997
197000
197001
197002
197003
197004
197008
197009
197010
197011
197012
197013
197015
197019
197020
197021
197024
197026
197027
197028
197030
197031
197032
197033
197034
197035
197036
197038
197040
197041
197042
197043
197044
197045
197046
197047
197048
197049
197050
197051
197054
197055
197061
197062
197065
197067
197070
197071
197072
197073
197074
197077
197079
197080
197081
197082
197084
197085
197086
197087
197088
197089
197090
197091
197094
197095
197096
197099
197101
197104
197105
197107
197108
197109
197110
197111
197113
197114
197115
197116
197117
197118
197119
197121
197122
197123
197124
197125
197126
197128
197129
197130
197132
197133
197134
197136
197137
197138
197139
197140
197141
197142
197143
197144
197145
197146
197148
197150
197151
197152
197153
197155
197156
197157
197158
197159
197160
197161
197164
197166
197168
197170
197172
197173
197174
197175
197176
197177
197181
197182
197183
197184
197185
197186
197187
197189
197191
197193
197194
197195
197196
197197
197200
197201
197202
197205
197207
197208
197209
197211
197213
197214
197216
197217
197218
197219
197220
197221
197222
197223
197224
197225
197227
197229
197230
197231
197234
197235
197236
197237
197238
197239
197241
197242
197245
197246
197247
197249
197250
197251
197252
197253
197255
197256
197257
197258
197259
197260
197261
197267
197269
197270
197271
197273
197276
197277
197278
197279
197281
197282
197283
197285
197290
197294
197295
197296
197298
197299
197300
197302
197303
197304
197305
197307
197308
197309
197310
197311
197313
197314
197315
197318
197319
197321
197322
197323
197324
197325
197326
197327
197332
197333
197334
197335
197336
197337
197340
197341
197343
197344
197345
197346
197347
197348
197350
197351
197352
197354
197355
197358
197359
197360
197362
197363
197364
197365
197366
197367
197368
197369
197371
197372
197373
197374
197375
197376
197377
197378
197379
197380
197381
197382
197383
197384
197386
197388
197389
197390
197392
197395
197398
197399
197400
197404
197405
197406
197407
197410
197411
197412
197413
197414
197417
197418
197419
197420
197421
197422
197423
197424
197425
197427
197428
197429
197431
197432
197433
197434
197436
197437
197438
197439
197440
197441
197442
197443
197444
197445
197446
197448
197450
197452
197453
197454
197455
197456
197457
197458
197460
197461
197462
197464
197465
197466
197467
197468
197469
197470
197472
197473
197474
197475
197476
197477
197478
197479
197480
197481
197482
197483
197484
197486
197488
197490
197491
197492
197493
197494
197496
197497
197498
197500
197501
197502
197503
197504
197505
197506
197507
197508
197511
197512
197513
197514
197515
197516
197517
197519
197520
197521
197522
197523
197524
197525
197526
197529
197530
197531
197532
197534
197537
197538
197539
197540
197542
197543
197546
197547
197548
197550
197551
197552
197553
197554
197556
197557
197558
197559
197560
197561
197562
197563
197564
197566
197567
197571
197572
197573
197575
197577
197579
197580
197582
197583
197584
197585
197586
197587
197589
197590
197591
197592
197593
197594
197595
197596
197597
197598
197599
197600
197601
197604
197605
197606
197607
197608
197609
197611
197612
197613
197614
197617
197618
197619
197620
197622
197623
197631
197632
197633
197634
197635
197637
197638
197639
197641
197644
197645
197646
197647
197648
197649
197650
197651
197652
197653
197654
197656
197657
197658
197659
197662
197663
197664
197665
197666
197667
197668
197670
197671
197673
197674
197675
197678
197680
197681
197682
197683
197686
197687
197688
197689
197690
197692
197693
197695
197697
197698
197699
197701
197703
197704
197705
197706
197710
197711
197712
197713
197717
197719
197720
197722
197723
197725
197726
197728
197730
197731
197732
197733
197734
197737
197738
197739
197740
197742
197743
197744
197745
197746
197747
197748
197749
197750
197751
197752
197755
197756
197757
197758
197759
197761
197762
197763
197764
197765
197766
197767
197768
197769
197770
197771
197772
197773
197775
197776
197778
197779
197780
197781
197782
197784
197785
197786
197788
197790
197792
197793
197794
197795
197796
197799
197800
197801
197802
197803
197806
197807
197808
197809
197811
197812
197813
197814
197815
197816
197818
197819
197820
197821
197824
197825
197826
197827
197830
197831
197832
197835
197836
197837
197839
197840
197842
197844
197845
197847
197853
197855
197856
197859
197860
197861
197863
197864
197865
197866
197867
197868
197869
197871
197872
197873
197875
197876
197877
197878
197880
197881
197882
197883
197884
197885
197886
197887
197888
197889
197892
197893
197894
197895
197896
197897
197898
197901
197903
197905
197907
197908
197910
197911
197912
