10000
3
18
215
348
366
407
533
794
1024
1048
1114
1604
1626
1706
1714
2090
2102
2104
2108
2111
2116
2120
2124
2126
2142
2144
2145
2147
2150
2154
2159
2161
2168
2169
2176
2186
2187
2193
2194
2216
2271
2275
2280
2281
2283
2284
2288
2293
2297
2298
2317
2318
2329
2330
2331
2336
2338
2352
2357
2374
2375
2377
2389
2415
2421
2426
2428
2712
2714
2715
2716
2718
2727
2728
2735
2740
2741
2750
2753
2770
2785
2794
2816
2820
2832
2836
2846
2855
2892
2904
2905
2965
2975
2980
2993
3002
3018
3035
3049
3055
3056
3058
3065
3085
3087
3109
3111
3112
3115
3117
3120
3161
3162
3163
3164
3174
3178
3180
3213
3598
3793
3796
3797
3804
3823
3824
3826
3827
3828
3830
3831
3832
3833
3843
3844
3845
3848
3851
3859
3860
3861
3863
3865
3870
3871
3872
3873
3874
3875
3877
3880
3881
3882
3883
3884
3887
3888
3889
3890
3891
3892
3893
3894
3895
3897
3898
3900
3902
3903
3904
3905
3906
3908
3910
3911
3912
3913
3914
3915
3916
3917
3918
3919
3920
3921
3922
3923
3924
3925
3926
3927
3928
3929
3930
3931
3932
3933
3934
3935
3936
3937
3938
3940
3941
3942
3943
3944
3945
3946
3949
3950
3951
3952
3953
3954
3955
3956
3957
3998
4028
4252
4322
4329
4330
4331
4332
4333
4334
4335
4336
4337
4338
4339
4340
4341
4342
4343
4346
4350
4351
4352
4353
4355
4357
4359
4360
4361
4362
4363
4365
4366
4367
4370
4371
4372
4373
4374
4375
4376
4377
4378
4379
4381
4382
4383
4384
4386
4387
4389
4390
4391
4392
4393
4395
4396
4397
4400
4401
4402
4403
4404
4405
4406
4407
4409
4410
4411
4412
4413
4414
4415
4416
4417
4418
4419
4420
4421
4422
4423
4424
4425
4427
4462
4467
4577
4578
4603
4627
4738
4827
4870
4894
4906
4987
5003
5028
5031
5032
5034
5035
5036
5037
5038
5039
5040
5041
5043
5044
5045
5046
5047
5048
5049
5050
5051
5052
5053
5054
5055
5056
5057
5059
5060
5061
5062
5063
5065
5066
5067
5069
5070
5073
5074
5075
5077
5078
5079
5080
5082
5085
5086
5088
5089
5090
5092
5093
5094
5095
5097
5098
5099
5100
5101
5102
5103
5104
5105
5106
5107
5108
5109
5110
5111
5112
5115
5116
5118
5121
5123
5124
5125
5127
5141
5145
5150
5167
5169
5177
5186
5194
5195
5200
5205
5207
5217
5221
5222
5223
5225
5226
5227
5230
5232
5235
5237
5239
5240
5241
5243
5244
5247
5249
5250
5251
5253
5255
5256
5259
5260
5261
5262
5263
5264
5267
5268
5269
5270
5273
5277
5278
5279
5280
5282
5283
5284
5286
5287
5289
5290
5292
5293
5294
5296
5298
5299
5300
5302
5303
5304
5305
5306
5307
5308
5310
5311
5312
5313
5314
5316
5317
5320
5321
5322
5324
5335
5340
5352
5359
5369
5372
5376
5388
5389
5390
5391
5392
5402
5405
5407
5408
5409
5411
5412
5413
5414
5418
5420
5421
5422
5424
5425
5427
5428
5429
5430
5431
5434
5436
5437
5438
5439
5442
5444
5448
5451
5455
5456
5457
5458
5460
5461
5462
5463
5464
5468
5471
5473
5474
5475
5479
5480
5481
5482
5486
5487
5491
5492
5493
5495
5497
5501
5505
5506
5511
5512
5517
5520
5543
6014
6034
6043
6287
7051
7052
7053
7054
7055
7057
7058
7059
7060
7061
7062
7063
7064
7065
7066
7067
7068
7069
7070
7071
7072
7073
7074
7075
7076
7077
7078
7079
7080
7081
7082
7083
7084
7085
7086
7087
7088
7089
7090
7091
7092
7093
7094
7095
7096
7097
7098
7099
7100
7101
7102
7103
7104
7105
7106
7107
7108
7109
7110
7111
7112
7113
7114
7115
7116
7117
7118
7119
7120
7121
7122
7123
7124
7125
7126
7127
7128
7129
7130
7131
7132
7133
7134
7135
7136
7137
7138
7139
7140
7141
7142
7143
7144
7145
7146
7147
7148
7149
7150
7151
7152
7153
7154
7155
7156
7157
7158
7159
7160
7161
7162
7163
7164
7165
7166
7167
7168
7169
7170
7171
7172
7173
7174
7175
7176
7177
7178
7179
7180
7181
7182
7183
7184
7185
7186
7187
7188
7189
7190
7191
7192
7193
7194
7195
7196
7197
7198
7199
7200
7201
7202
7203
7204
7205
7206
7207
7208
7209
7210
7211
7212
7213
7214
7215
7216
7217
7218
7219
7220
7221
7222
7223
7224
7225
7226
7227
7228
7229
7230
7231
7232
7233
7234
7235
7236
7237
7238
7239
7240
7241
7242
7243
7244
7245
7246
7251
7252
7253
7254
7255
7256
7257
7258
7259
7260
7261
7262
7263
7264
7265
7266
7267
7268
7269
7270
7271
7272
7274
7275
7276
7277
7278
7279
7280
7281
7282
7288
7289
7290
7291
7292
7293
7294
7295
7296
7297
7298
7299
7300
7301
7302
7303
7304
7305
7306
7307
7308
7309
7310
7311
7312
7313
7314
7315
7316
7317
7318
7319
7320
7321
7322
7323
7324
7325
7326
7327
7328
7329
7330
7331
7332
7333
7334
7335
7336
7337
7338
7339
7340
7341
7342
7343
7344
7345
7346
7347
7348
7349
7350
7351
7352
7353
7354
7355
7356
7357
7358
7359
7360
7361
7362
7363
7364
7365
7366
7367
7368
7369
7370
7371
7372
7373
7374
7375
7376
7377
7378
7379
7380
7381
7382
7383
7384
7385
7386
7387
7388
7389
7390
7391
7392
7393
7394
7395
7396
7397
7398
7399
7400
7401
7413
7419
7430
7447
7469
7474
7503
7521
7563
7568
7578
7582
7586
7589
7916
7921
8057
8288
8290
8292
8293
8296
8297
8298
8299
8301
8311
8312
8627
8628
8633
8634
8639
8642
8649
8650
8651
8780
8783
8808
8978
8980
8981
8989
8991
8994
9001
9002
9003
9004
9007
9029
9202
9203
9205
9206
9214
9220
9225
9240
9314
9326
9407
9485
9493
9494
9495
9499
9515
9516
9519
9521
9534
9535
9550
9551
9558
9574
9600
9610
9613
9616
9617
9620
9634
9646
9647
9648
9649
9650
9651
9652
9655
9658
9659
9660
9662
9663
9665
9666
9670
9728
9751
9772
9891
9892
9893
9894
9895
9897
9898
9899
9900
9901
9902
9903
9904
9905
9906
9907
9908
9909
9910
9911
9912
9913
9914
9915
9916
9917
9918
9919
9920
9921
9922
9923
9924
9925
9926
9927
9928
9929
9930
9931
9932
9933
9934
9935
9936
9937
9938
9939
9940
9941
9943
9944
9986
9987
10001
10002
10003
10005
10007
10272
10274
10277
10304
10305
10311
10687
10725
10742
10743
10746
10747
10751
10758
10762
10773
10776
10779
10831
10842
11583
11584
11585
11586
11587
11588
11589
11590
11591
11592
11593
11594
11595
11596
11597
11598
11599
11600
11601
11602
11603
11604
11605
11606
11607
11608
11609
11610
11611
11612
11613
11614
11615
11616
11617
11618
11619
11620
11621
11622
11623
11624
11625
11626
11627
11628
11629
11630
11631
11632
11633
11634
11635
11636
11637
11638
11639
11640
11641
11662
11666
11667
11668
11669
11670
11671
11672
11673
11674
11675
11676
11677
11679
11680
11683
11686
11690
11691
11693
11695
11698
11720
11722
11727
11735
11737
11739
11741
11742
11745
11748
11750
11751
11752
11753
11757
11758
11760
11761
11762
11763
11764
11766
11767
11768
11769
11770
11771
11772
11773
11774
11775
11776
11777
11778
11779
11780
11781
11782
11783
11784
11785
11786
11787
11788
11789
11790
11791
11792
11793
11794
11795
11796
11797
11798
11799
11800
11801
11802
11803
11804
11805
11806
11808
11809
11810
11811
11812
11814
11815
11816
11817
11819
11820
11821
11822
11824
11826
11831
11833
11840
11853
11855
11856
11873
11878
11886
11888
11893
11895
11898
11900
11902
11906
11908
11911
11912
11934
11940
11944
11955
11959
11961
11966
11967
11970
11978
11981
11986
11987
11995
12022
12023
12025
12029
12034
12056
12057
12076
12080
12081
12082
12083
12089
12093
12095
12097
12103
12105
12118
12125
12127
12145
12155
12159
12175
12186
12189
12191
12210
12219
12235
12238
12241
12249
12259
12260
12278
12279
12289
12290
12295
12304
12316
12317
12319
12320
12330
12352
12357
12361
12370
12371
12372
12375
12376
12378
12389
12405
12412
12417
12426
12438
12445
12452
12457
12490
12493
12495
12500
12503
12517
12525
12527
12529
12544
12550
12555
12557
12563
12573
12574
12579
12580
12583
12587
12589
12593
12594
12602
12605
12625
12632
12637
12645
12669
12674
12676
12682
12690
12694
12701
12727
12741
12742
12743
12744
12745
12746
12748
12750
12751
12813
12814
12827
12828
12830
12838
12844
12847
12853
12856
12857
12863
12867
12870
12871
12884
12892
12930
12937
12940
12946
12950
12960
12965
12971
12978
12980
13004
13009
13043
13055
13067
13088
13101
13121
13128
13137
13139
13141
13153
13154
13155
13156
13157
13158
13159
13160
13161
13162
13163
13164
13165
13166
13167
13168
13169
13170
13171
13172
13173
13174
13175
13176
13177
13209
13210
13225
13226
13228
13242
13244
13245
13247
13249
13251
13252
13262
13264
13277
13278
13284
13286
13294
13296
13298
13299
13302
13308
13309
13311
13312
13314
13325
13334
13341
13342
13353
13360
13368
13371
13402
13403
13404
13405
13406
13407
13408
13409
13414
13422
13424
13432
13433
13441
13442
13444
13446
13459
13461
13462
13463
13489
13532
13535
13542
13543
15259
15260
15261
15262
15264
15265
15267
15270
15285
15289
15296
15302
15305
15324
15328
15334
15341
15349
15368
15380
15385
15390
15392
15400
15408
15409
15427
15428
15432
15433
15434
15435
15441
15442
15456
15457
15458
15459
15460
15489
15490
15491
15494
15498
15501
15502
15504
15513
15515
15516
15517
15519
15523
15526
15536
15550
15552
15553
15566
15569
15582
15592
15617
15619
15623
15626
15648
15649
15651
15659
15678
15689
15690
15695
15701
15702
15704
15717
15719
15722
15730
15754
15756
15757
15762
15768
15826
15874
15934
15935
15937
15962
15963
16030
16031
16060
16080
16084
16103
16106
16109
16116
16143
16152
16153
16158
16164
16165
16167
16168
16171
16175
16180
16182
16189
16190
16191
16211
16225
16228
16236
16237
16238
16245
16246
16249
16252
16261
16265
16267
16277
16279
16309
16314
16318
16320
16322
16323
16325
16331
16332
16352
16356
16358
16362
16366
16381
16382
16383
16384
16390
16391
16438
16440
16451
16454
16465
16475
16478
16480
16489
16494
16502
16508
16514
16528
16536
16539
16548
16549
16550
16553
16554
16555
16557
16559
16560
16562
16563
16565
16567
16568
16569
16570
16571
16575
16578
16580
16581
16588
16598
16637
16651
16655
16657
16659
16671
16673
16685
16691
16719
16721
16850
16854
16855
16856
16863
16874
16875
16880
16885
16888
16895
16905
16910
16927
16932
16939
16940
16941
16946
16950
16951
16965
16968
16969
16970
16971
16982
16985
16989
17003
17015
17023
17027
17031
17033
17040
17047
17059
17062
17063
17071
17072
17073
17085
17100
17104
17116
17121
17132
17137
17144
17145
17146
17151
17158
17164
17165
17167
17169
17174
17175
17176
17177
17192
17194
17200
17218
17219
17229
17232
17234
17240
17245
17256
17257
17258
17261
17264
17300
17302
17321
17330
17331
17332
17342
17346
17347
17368
17369
17370
17387
17388
17391
17404
17406
17409
17413
17435
17446
17450
17451
17458
17461
17463
17475
17479
17480
17489
17493
17503
17507
17509
17513
17519
17524
17525
17531
17556
17563
17568
17570
17581
17587
17588
17589
17590
17591
17592
17593
17594
17595
17596
17597
17598
17602
17604
17605
17629
17631
17638
17645
17663
17679
17689
17690
17694
17701
17703
17714
17767
17791
17801
17814
17825
17833
17845
17846
17850
17881
17882
17899
17900
17908
17909
17919
17920
17921
17928
17930
17936
17939
17943
17959
17968
17973
17974
17976
17987
17989
18001
18002
18018
18033
18034
18035
18036
18037
18038
18039
18042
18043
18057
18062
18065
18068
18069
18071
18072
18077
18079
18084
18087
18101
18108
18122
18126
18135
18161
18168
18169
18174
18179
18188
18191
18194
18195
18199
18200
18201
18203
18204
18205
18206
18214
18217
18224
18228
18249
18256
18277
18291
18300
18303
18305
18314
18316
18319
18333
18341
18477
18485
18500
18505
18506
18507
18509
18510
18511
18514
18517
18523
18526
18529
18542
18545
18546
18547
18548
18585
18594
18595
18596
18600
18601
18603
18607
18612
18616
18619
18631
18635
18637
18644
18645
18646
18652
18653
18663
18665
18670
18672
18678
18683
18707
18715
18717
18719
18724
18728
18729
18730
18731
18770
18775
18776
18789
18794
18797
18826
18831
18832
18834
18835
18836
18838
18839
18840
18841
18842
18843
18845
18846
18847
18848
18850
18856
18871
18902
18908
18923
18928
18935
18942
18956
18957
18958
18959
18960
18961
18962
18965
18992
18993
19002
19007
19008
19012
19013
19014
19016
19022
19025
19028
19031
19038
19039
19040
19041
19051
19058
19083
19085
19092
19095
19106
19107
19108
19112
19114
19122
19125
19128
19132
19133
19139
19160
19164
19165
19171
19176
19178
19191
19200
19208
19209
19210
19220
19225
19226
19227
19228
19230
19235
19247
19260
19264
19267
19269
19271
19273
19274
19275
19277
19279
19280
19284
19293
19301
19315
19319
19337
19357
19359
19361
19377
19378
19383
19386
19388
19400
19407
19418
19419
19420
19421
19430
19440
19461
19478
19496
19503
19507
19511
19513
19514
19517
19519
19526
19528
19535
19536
19543
19544
19545
19546
19548
19552
19554
19557
19566
19567
19575
19580
19585
19586
19607
19611
19613
19617
19620
19623
19624
19625
19626
19627
19632
19640
19645
19648
19662
19669
19671
19685
19695
19701
19703
19704
19708
19709
19710
19711
19716
19717
19723
19728
19730
19732
19742
19743
19745
19746
19751
19752
19756
19760
19775
19791
19797
19810
19811
19812
19813
19839
19842
19850
19854
19865
19889
19902
19912
19915
19922
19927
19945
19968
19970
19973
19978
19979
19985
19991
20045
20053
20057
20058
20063
20072
20084
20104
20106
20116
20140
20141
20143
20154
20155
20161
20182
20207
20211
20213
20224
20235
20239
20240
20241
20245
20250
20252
20254
20255
20256
20262
20263
20290
20317
20322
20325
20326
20335
20337
20338
20348
20350
20356
20360
20367
20369
20383
20386
20389
20398
20402
20403
20406
20407
20408
20409
20410
20411
20412
20421
20425
20431
20435
20437
20438
20452
20459
20460
20465
20467
20471
20472
20483
20484
20503
20506
20507
20508
20509
20510
20511
20512
20513
20514
20515
20516
20523
20525
20538
20544
20623
20628
20633
20634
20635
20651
20679
20686
20708
20722
20727
20732
20751
20752
20753
20761
20769
20777
20779
20782
20784
20786
20808
20809
20812
20817
20824
20826
20828
20832
20845
20848
20853
20859
20860
20861
20862
20863
20864
20866
20871
20872
20873
20876
20885
20889
20891
20910
20919
20923
20925
20949
20959
20974
20977
20990
20993
21035
21050
21054
21071
21092
21123
21127
21199
21206
21210
21216
21220
21221
21222
21223
21229
21233
21235
21247
21252
21254
21255
21276
21284
21289
21290
21291
21294
21295
21299
21302
21307
21311
21315
21322
21323
21324
21325
21326
21327
21328
21329
21330
21343
21346
21347
21352
21353
21355
21357
21362
21366
21368
21372
21377
21379
21385
21388
21400
21401
21402
21403
21404
21410
21411
21413
21414
21415
21416
21417
21418
21419
21424
21449
21458
21459
21460
21462
21463
21464
21469
21470
21481
21484
21708
21721
21722
21726
21737
21743
21745
21746
21748
21758
21759
21761
21762
21763
21772
21777
21779
21781
21784
21798
21799
21800
21808
21817
21820
21827
21829
21836
21842
21843
21846
21851
21853
21865
21876
21877
21878
21883
21886
21901
21904
21911
21939
21944
21954
21959
21967
22002
22010
22012
22029
22031
22049
22060
22065
22067
22100
22120
22131
22133
22134
22144
22148
22160
22164
22165
22173
22174
22178
22180
22195
22197
22199
22202
22207
22213
22219
22220
22221
22225
22230
22231
22236
22241
22244
22252
22253
22254
22257
22260
22263
22264
22271
22272
22274
22279
22288
22291
22306
22312
22315
22318
22319
22321
22344
22349
22350
22352
22358
22365
22382
22383
22393
22395
22397
22410
22411
22414
22417
22419
22437
22443
22449
22450
22454
22464
22478
22502
22507
22514
22562
22570
22589
22591
22592
22594
22608
22615
22618
22621
22622
22623
22629
22647
22648
22656
22659
22664
22677
22690
22705
22706
22707
22708
22709
22710
22711
22712
22723
22724
22726
22752
22770
22776
22780
22791
22831
22836
22866
22909
22910
22917
22923
22926
22928
22930
22931
22935
22938
22941
22943
22950
22963
22964
22965
22978
22982
22984
22986
22993
22995
22998
22999
23007
23016
23017
23022
23023
23024
23025
23026
23027
23032
23034
23036
23051
23057
23081
23083
23088
23094
23096
23125
23137
23144
23147
23152
23153
23154
23161
23162
23163
23164
23165
23166
23168
23169
23170
23171
23172
23174
23175
23176
23177
23197
23203
23207
23210
23215
23229
23232
23237
23239
23243
23244
23245
23248
23250
23251
23253
23254
23260
23290
23309
23310
23332
23333
23339
23346
23352
23354
23359
23370
23372
23378
23387
23394
23405
23414
23423
23429
23436
23437
23440
23441
23446
23452
23457
23459
23462
23468
23471
23474
23475
23476
23505
23506
23513
23520
23521
23531
23564
23568
23580
23582
23584
23593
23597
23681
23683
23686
23689
23695
23696
23708
23709
23715
23718
23719
23725
23726
23743
23749
23750
23754
23765
23786
23796
23801
23804
23805
23828
23854
23877
23878
23879
23880
23889
23913
23945
23952
23963
23977
23978
23983
23990
23999
24014
24015
24023
24025
24037
24041
24042
24046
24049
24056
24057
24058
24059
24060
24061
24062
24069
24098
24113
24121
24140
24148
24163
24171
24181
24188
24193
24201
24220
24232
24235
24237
24260
24294
24302
24308
24313
24316
24319
24321
24327
24328
24331
24336
24343
24344
24348
24349
24357
24364
24376
24381
24386
24395
24396
24397
24399
24415
24419
24423
24424
24425
24427
24429
24445
24453
24460
24462
24469
24475
24497
24502
24506
24516
24527
24553
24554
24556
24557
24560
24562
24574
24591
24597
24602
24612
24623
24625
24629
24664
24669
24680
24682
24686
24687
24693
24703
24704
24705
24706
24707
24708
24709
24710
24711
24712
24721
24726
24727
24740
24742
24744
24749
24753
24761
24771
24779
24782
24783
24786
24789
24792
24795
24806
24809
24816
24828
24835
24838
24842
24848
24861
24889
24895
24899
24903
24910
24922
24926
24930
24935
24948
24960
24970
24979
24983
24984
24985
24986
24987
24988
24989
24990
24991
24992
24993
24994
25027
25039
25044
25049
25107
25115
25129
25139
25181
25185
25196
25200
25202
25206
25207
25234
25236
25238
25245
25252
25254
25272
25276
25285
25286
25290
25296
25303
25304
25305
25306
25307
25308
25309
25310
25312
25327
25331
25334
25337
25339
25397
25399
25407
25411
25413
25431
25441
25444
25450
25452
25454
25457
25483
25490
25496
25501
25502
25503
25504
25506
25507
25508
25509
25511
25512
25513
25514
25515
25524
25534
25547
25563
25567
25570
25572
25577
25582
25590
25592
25594
25595
25600
25601
25605
25606
25615
25624
25626
25629
25630
25645
25652
25655
25666
25668
25671
25677
25678
25681
25687
25688
25689
25690
25691
25692
25694
25695
25699
25706
25708
25737
25749
25751
25769
25782
25793
25825
25830
25832
25838
25840
25849
25867
25869
25876
25881
25882
25883
25889
25890
25907
25911
25916
25937
25941
25945
25951
25958
25968
25973
25974
25978
25979
26011
26012
26027
26058
26072
26073
26075
26077
26078
26079
26088
26105
26107
26110
26123
26127
26153
26165
26166
26185
26186
26194
26215
26217
26219
26221
26222
26226
26228
26233
26236
26239
26243
26244
26245
26246
26247
26248
26249
26250
26251
26252
26255
26270
26451
26456
26458
26464
26467
26482
26489
26494
26508
26530
26531
26534
26541
26550
26558
26559
26566
26582
26587
26589
26602
26616
26629
26633
26635
26642
26646
26666
26670
26672
26674
26678
26712
26713
26722
26750
26754
26775
26783
26797
26804
26805
26816
26836
26840
26849
26850
26854
26870
26872
26886
26887
26905
26907
26909
26921
26925
26951
26954
26958
26991
26996
26997
26999
27018
27022
27041
27046
27048
27095
27098
27109
27118
27123
27191
27196
27209
27213
27233
27234
27257
27269
27276
27278
27295
27300
27301
27306
27309
27310
27333
27348
27355
27357
27372
27379
27387
27404
27437
27441
27444
27447
27458
27464
27500
27508
27522
27525
27543
27545
27553
27557
27559
27575
27607
27643
27655
27667
27680
27682
27700
27751
27767
27770
27772
27787
27799
27800
27813
27815
27816
27826
27827
27831
27839
27841
27844
27851
27857
27871
28703
28714
28716
28737
28738
28739
28743
28744
28745
28746
28750
28752
28753
28755
28756
28758
28760
28767
28772
28788
28789
28790
28791
28793
28794
28795
28796
28797
28798
28799
28800
28801
28802
28803
28804
28805
28807
28808
28811
28813
28818
28819
28820
28825
28826
28827
28828
28829
28830
28831
28832
28833
28834
28835
28836
28837
28838
28839
28841
28842
28843
28844
28845
28846
28847
28849
28850
28851
28853
28854
28855
28856
28857
28858
28859
28860
28862
28863
28865
28866
28867
28877
28878
28880
28882
28883
28884
28885
28886
28887
28888
28889
28890
28891
28892
28893
28894
28896
28898
28899
28900
28901
28902
28903
28904
28905
28906
28907
28908
28909
28910
28911
28912
28913
28914
28915
28916
28917
28918
28919
28920
28921
28923
28924
28925
28926
28927
28928
28929
28930
28931
28932
28934
28935
28936
28937
28938
28939
28940
28941
28942
28943
28944
28945
28946
28947
28948
28973
28995
28996
29027
29033
29044
29047
29048
29059
29060
29061
29062
29063
29079
29080
29089
29105
29106
29109
29111
29114
29124
29125
29126
29128
29129
29130
29132
29133
29145
29149
29150
29151
29152
29153
29154
29155
29156
29157
29159
29160
29162
29186
29187
29190
29193
29202
29203
29204
29206
29210
29227
29229
29236
29238
29239
29241
29249
29260
29261
29265
29270
29271
29276
29281
29286
29287
29295
29305
29308
29316
29318
29326
29346
29347
29356
29361
29362
29373
29374
29375
29376
29377
29378
29379
29380
29381
29384
29396
29410
29432
29443
29448
29450
29453
29464
29469
29477
29521
29538
29571
29573
29579
29587
29600
29603
29612
29616
29624
29625
29630
29637
29638
29640
29642
29645
29646
29649
29651
29663
29679
29683
29690
29692
29693
29698
29703
29704
29720
29738
29748
29755
29764
29766
29771
29776
29777
29799
29819
29824
29828
29829
29835
29836
29838
29875
29886
29887
29898
29932
29933
29950
29984
29993
30002
30011
30013
30020
30021
30035
30036
30048
30049
30050
30060
30067
30075
30077
30089
30099
30104
30110
30125
30126
30127
30151
30180
30192
30204
30206
30208
30212
30213
30236
30242
30249
30253
30261
30262
30263
30264
30265
30266
30267
30268
30269
30283
30293
30303
30309
30311
30312
30314
30317
30318
30319
30320
30321
30337
30344
30349
30357
30362
30364
30366
30400
30559
30576
30578
30584
30585
30597
30602
30606
30609
30610
30614
30624
30630
30643
30644
30646
30653
30659
30666
30679
30687
30688
30690
30691
30692
30693
30695
30702
30703
30717
30719
30729
30730
30731
30732
30733
30734
30735
30736
30737
30738
30754
30768
30771
30787
30788
30795
30853
30857
30881
30889
30905
30917
30919
30921
30922
30923
30924
30932
30962
30978
30981
30983
30988
30992
30998
31000
31001
31002
31003
31004
31027
31033
31043
31044
31078
31094
31136
31160
31169
31174
31198
31200
31206
31212
31216
31220
31226
31227
31252
31253
31261
31264
31272
31273
31274
31275
31276
31277
31278
31279
31280
31285
31321
31325
31327
31329
31333
31334
31336
31338
31340
31342
31344
31345
31346
31347
31348
31354
31358
31360
31362
31363
31387
31395
31411
31412
31422
31439
31470
31471
31481
31495
31503
31511
31520
31536
31545
31549
31552
31560
31563
31564
31576
31577
31578
31579
31632
31633
31635
31636
31643
31644
31648
31669
31691
31701
31718
31721
31723
31738
31745
31748
31762
31783
31785
31789
31791
31793
31807
31810
31814
31817
31820
31853
31854
31855
31864
31868
31870
31877
31878
31879
31880
31881
31882
31883
31884
31885
31886
31887
31888
31889
31890
31891
31935
31942
31943
31946
31947
31954
31956
31973
31982
31996
31999
32017
32023
32031
32050
32063
32088
32100
32112
32118
32124
32126
32137
32141
32157
32158
32159
32160
32161
32178
32195
32228
32241
32245
32271
32288
32293
32294
32300
32310
32317
32321
32326
32338
32343
32351
32352
32353
32356
32360
32365
32366
32369
32382
32384
32397
32402
32405
32422
32439
32453
32456
32459
32461
32478
32495
32501
32506
32525
32532
32537
32538
32542
32557
32579
32583
32585
32591
32597
32600
32608
32610
32611
32612
32613
32614
32615
32632
32633
32644
32645
32650
32651
32657
32660
32661
32665
32679
32683
32693
32697
32700
32710
32712
32715
32749
32762
32782
32789
32790
32791
32794
32795
32805
32806
32810
32814
32822
32824
32837
32852
32855
32857
32861
32865
32866
32892
32928
32934
32947
32948
32971
32972
32973
32994
32995
32996
32997
33000
33008
33018
33020
33038
33050
33051
33053
33070
33078
33082
33084
33091
33092
33112
33113
33116
33124
33132
33134
33157
33161
33163
33180
33202
33222
33224
33229
33239
33244
33258
33262
33263
33271
33275
33276
33301
33307
33309
33310
33311
33331
33332
33352
33353
33357
33367
33385
33390
33391
33396
33399
33404
33406
33407
33410
33411
33421
33422
33430
33433
33449
33453
33461
33485
33498
33500
33507
33509
33510
33512
33529
33553
33555
33556
33558
33559
33581
33582
33590
33618
33620
33627
33632
33641
33653
33661
33667
33681
33685
33695
33699
33702
33703
33706
33710
33722
33733
33734
33739
33741
33744
33745
33756
33757
33759
33760
33766
33771
33779
33780
33795
33822
33823
33836
33844
33856
33864
33872
33883
33899
33900
33909
33921
33924
33938
33939
33945
33978
33984
33985
33986
33997
34002
34006
34010
34027
34032
34036
34039
34041
34042
34058
34069
34070
34071
34076
34086
34091
34096
34104
34109
34111
34128
34143
34144
34155
34174
34182
34184
34192
34194
34207
34212
34224
34225
34226
34617
34618
34664
34665
34677
34683
34693
34710
34711
34720
34723
34727
34733
34734
34735
34736
34737
34738
34740
34741
34744
34755
34765
34769
34771
34776
34783
34790
34796
34798
34799
34807
34809
34811
34812
34813
34814
34822
34826
34829
34831
34832
34842
34845
34846
34847
34848
34849
34850
34852
34853
34854
34855
34856
34857
34859
34860
34861
34864
34865
34866
34868
34869
34870
34871
34872
34873
34874
34875
34876
34877
34878
34879
34880
34881
34882
34883
34884
34885
34886
34887
34888
34889
34890
34891
34892
34893
34894
34895
34896
34897
34898
34899
34900
34901
34902
34903
34904
34906
34907
34908
34909
34910
34911
34912
34926
34985
34991
34995
34996
34997
34998
34999
35000
35001
35017
35018
35021
35024
35040
35041
35045
35047
35052
35053
35055
35059
35070
35072
35074
35078
35088
35090
35096
35128
35129
35130
35131
35132
35149
35162
35172
35186
35187
35192
35194
35197
35226
35230
35240
35306
35310
35311
35312
35313
35314
35319
35323
35324
35328
35330
35333
35337
35338
35343
35347
35348
35349
35358
35360
35381
35382
35384
35385
35390
35397
35406
35409
35412
35417
35421
35427
35436
35438
35458
35464
35481
35490
35491
35492
35494
35495
35496
35497
35498
35499
35500
35501
35502
35503
35505
35506
35507
35508
35509
35510
35511
35513
35514
35515
35516
35517
35518
35519
35520
35521
35522
35523
35524
35525
35526
35527
35530
35542
35543
35544
35570
35580
35593
35597
35600
35639
35645
35670
35674
35676
35677
35680
35683
35685
35688
35689
35693
35694
35696
35697
35701
35712
35726
35727
35734
35735
35736
35737
35738
35739
35740
35741
35749
35750
35763
35771
35778
35782
35783
35788
35799
35813
35824
35850
35866
35915
35935
35938
35951
35960
35975
35976
35983
35985
35986
35987
35992
36011
36012
36013
36016
36019
36020
36022
36033
36034
36042
36051
36052
36053
36054
36055
36056
36057
36063
36081
36083
36084
36085
36089
36094
36095
36115
36117
36124
36151
36156
36160
36182
36205
36210
36220
36225
36229
36234
36238
36261
36273
36279
36283
36284
36289
36290
36291
36292
36294
36303
36314
36323
36330
36332
36336
36357
36378
36390
36409
36417
36432
36439
36440
36462
36470
36474
36477
36479
36493
36501
36505
36521
36523
36526
36527
36528
36529
36530
36531
36532
36533
36534
36540
36579
36586
36588
36599
36613
36614
36617
36623
36659
36684
36693
36694
36695
36707
36708
36713
36721
36727
36732
36735
36737
36738
36749
36751
36760
36761
36762
36763
36764
36767
36768
36793
36794
36797
36798
36801
36807
36813
36830
36831
36843
36856
36861
36881
36891
36892
36907
36941
36948
36956
36958
36960
36962
36967
36980
36990
36995
37004
37012
37015
37020
37024
37025
37026
37027
37048
37050
37051
37053
37058
37063
37068
37072
37080
37101
37102
37126
37138
37139
37140
37141
37143
37144
37145
37146
37147
37181
37182
37193
37198
37202
37208
37216
37232
37233
37234
37240
37262
37278
37279
37297
37298
37299
37300
37301
37302
37303
37304
37305
37306
37307
37308
37309
37310
37311
37312
37313
37314
37315
37316
37317
37318
37320
37349
37353
37383
37391
37404
37426
37435
37441
37444
37451
37460
37496
37515
37524
37531
37537
37538
37539
37540
37541
37542
37543
37570
37578
37593
37600
37604
37618
37646
37647
37661
37695
37696
37700
37701
37704
37714
37724
37747
37753
37760
37773
37776
37778
37781
37786
37787
37788
37789
37807
37818
37841
37850
37863
37904
37905
37917
37923
37975
37977
37990
38005
38009
38020
38027
38028
38029
38030
38031
38032
38033
38034
38035
38038
38050
38075
38076
38080
38081
38082
38091
38093
38105
38112
38123
38128
38158
38159
38160
38190
38200
38215
38218
38225
38228
38229
38230
38231
38232
38241
38284
38291
38306
38309
38311
38341
38342
38344
38351
38362
38363
38371
38382
38384
38388
38411
38413
38415
38416
38418
38422
38426
38429
38449
38450
38465
38487
38488
38504
38505
38513
38534
38547
38550
38558
38560
38566
38576
38579
38584
38587
38592
38598
38615
38625
38645
38646
38666
38667
38668
38670
38676
38684
38698
38701
38716
38719
38733
38744
38748
38775
38779
38782
38783
38786
38795
38798
38799
38800
38802
38804
38821
38832
38837
38842
38845
38849
38851
38853
38859
38870
38871
38875
38876
38883
38887
38891
38902
38908
38909
38911
38919
38932
38936
38952
38954
38960
38961
38965
38990
38996
39018
39036
39061
39063
39076
39086
39089
39096
39103
39105
39108
39117
39121
39128
39130
39133
39134
39137
39138
39140
39155
39161
39176
39186
39196
39197
39204
39205
39213
39215
39229
39230
39234
39235
39237
39243
39251
39266
39267
39276
39282
39293
39294
39297
39314
39315
39316
39322
39325
39330
39333
39348
39352
39374
39376
39378
39417
39418
39423
39435
39471
39472
39479
39482
39493
39503
39518
39523
39527
39532
39546
39547
39560
39578
39583
39585
39587
39593
39596
39597
39600
39608
39613
39614
39625
39627
39631
39637
39641
39644
39654
39661
39697
39705
39710
39717
39722
39723
39733
39736
39742
39747
39748
39754
39758
39762
39764
39782
39790
39797
39798
39799
39827
39832
39841
39850
39856
39863
39870
39884
39888
39899
39901
39908
39926
39943
39945
39979
39982
39997
40012
40027
40168
40169
40170
40171
40172
40173
40174
40175
40176
40177
40178
40179
40180
40181
40182
40184
40185
40186
40187
40188
40189
40190
40191
40192
40193
40194
40195
40196
40197
40198
40199
40200
40201
40202
40203
40204
40205
40206
40207
40208
40209
40210
40211
40212
40213
40214
40215
40216
40217
40218
40679
40680
40681
40682
40683
40684
40685
40686
40687
40688
40689
40690
40691
40692
40693
40694
40695
40696
40697
40698
40699
40700
40701
40702
40703
40704
40705
40706
40707
40708
40709
40710
40711
40712
40713
40714
40715
40716
40717
40718
40719
40720
40721
40722
40723
40724
40725
40726
40727
40728
40729
40730
40731
40732
40733
40734
40735
40736
40737
40738
40739
40740
40741
40742
40743
40744
40745
40746
40747
40748
40948
40968
41006
41112
41116
41118
41122
41149
41150
41152
41154
41158
41159
41160
41163
41165
41177
41179
41180
41190
41192
41194
41197
41206
41207
41209
41211
41220
41222
41223
41224
41252
41262
41267
41270
41285
41287
41289
41293
41294
41297
41299
41300
41329
41334
41335
41336
41337
41341
41342
41344
41347
41359
41364
41369
41383
41386
41408
41412
41417
41421
41425
41428
41429
41432
41435
41444
41447
41454
41462
41474
41479
41480
41483
41484
41485
41486
41487
41491
41504
41533
41540
41558
41589
41590
41605
41619
41623
41641
41643
41644
41646
41651
41652
41661
41665
41672
41680
41687
41689
41692
41705
41706
41708
41709
41714
41736
41738
41742
41743
41746
41749
41753
41761
41764
41775
41782
41793
41794
41812
41813
41814
41820
41823
41829
41842
41849
41870
41877
41886
41890
41893
41897
41901
41902
41933
41934
41943
41947
41948
41960
41962
41967
41983
41990
42005
42031
42065
42073
42085
42107
42118
42122
42125
42126
42130
42131
42132
42133
42134
42145
42159
42171
42178
42179
42186
42219
42234
42250
42281
42283
42286
42296
42297
42298
42299
42300
42301
42302
42303
42344
42352
42354
42355
42357
42358
42359
42360
42361
42362
42363
42364
42365
42367
42373
42383
42401
42403
42404
42407
42424
42435
42448
42449
42452
42453
42462
42466
42467
42469
42474
42497
42499
42501
42511
42516
42531
42533
42539
42550
42563
42564
42565
42566
42579
42584
42587
42592
42595
42596
42600
42608
42620
42660
42671
42672
42679
42700
42707
42709
42718
42720
42723
42724
42729
42736
42739
42752
42753
42754
42755
42756
42769
42771
42787
42798
42830
42837
42847
42864
42867
42874
42883
42886
42901
42922
42923
42924
42925
42926
42927
42928
42929
42930
42931
42932
42933
42937
42970
42973
42978
42979
42987
42989
42992
42996
42997
43021
43070
43079
43102
43106
43112
43119
43125
43128
43139
43140
43151
43160
43161
43162
43163
43164
43165
43166
43201
43206
43209
43215
43224
43226
43231
43236
43242
43250
43262
43275
43284
43287
43288
43289
43290
43291
43317
43335
43342
43351
43357
43365
43368
43372
43390
43395
43407
43411
43436
43438
43440
43446
43457
43461
43464
43470
43473
43476
43482
43514
43517
43522
43537
43541
43546
43572
43586
43598
43616
43620
43627
43628
43629
43630
43633
43659
43672
43676
43679
43684
43685
43699
43703
43706
43720
43735
43746
43787
43795
43796
43799
43804
43805
43806
43814
43820
43821
43825
43839
43845
43850
43852
43853
43863
43864
43865
43866
43867
43868
43869
43870
43871
43872
43873
43883
43889
43897
43899
43900
43901
43903
43912
43928
43944
43969
43972
43997
44001
44002
44022
44031
44045
44050
44065
44066
44071
44073
44076
44079
44081
44085
44087
44088
44097
44104
44109
44112
44122
44131
44136
44164
44165
44166
44167
44168
44175
44199
44216
44230
44255
44256
44264
44286
44298
44310
44319
44321
44324
44330
44341
44357
44358
44360
44361
44376
44386
44389
44402
44405
44406
44433
44454
44457
44462
44472
44477
44517
44535
44540
44544
44560
44564
44565
44566
44567
44576
44581
44591
44592
44593
44596
44598
44621
44652
44663
44679
44680
44712
44715
44717
44721
44738
44747
44758
44762
44765
44771
44777
44778
44802
44821
44832
44839
44840
44841
44849
44850
44851
44852
44853
44855
44869
44873
44887
44905
44909
44927
44928
44935
44944
44962
44966
44983
44984
44995
44996
45007
45009
45010
45011
45033
45055
45070
45081
45082
45087
45098
45105
45117
45126
45145
45150
45154
45158
45185
45197
45198
45215
45222
45231
45232
45234
45235
45236
45237
45238
45240
45266
45269
45277
45286
45289
45295
45318
45334
45335
45342
45346
45348
45359
45368
45369
45370
45428
45441
45451
45479
45489
45506
45510
45517
45527
45553
45564
45575
45585
45586
45602
45610
45617
45619
45623
45632
45641
45642
45653
45658
45659
45660
45668
45796
45808
45809
45822
45823
45828
45829
45878
45894
45900
45901
45906
45910
45924
45925
45927
45928
45929
45931
45932
45933
45953
45955
45963
45967
45985
46018
46022
46023
46038
46042
46060
46068
46084
46085
46099
46103
46104
46105
46106
46112
46165
46195
46234
46250
46252
46255
46258
46259
46263
46264
46265
46266
46282
46294
46296
46314
46316
46341
46553
46554
46555
46556
46557
46558
46559
46560
46561
46562
46563
46564
46565
46566
46568
46570
46571
46572
46573
46574
46575
46576
46577
46578
46579
46580
46581
46582
46584
46585
46586
46587
46588
46589
46590
46591
46592
46593
46594
46595
46596
46597
47433
47467
47481
47483
47497
47503
47509
47516
47525
47528
47530
47531
47532
47533
47534
47535
47564
47574
47582
47583
47584
47587
47589
47590
47599
47600
47606
47620
47628
47629
47630
47632
47633
47642
47643
47650
47651
47652
47653
47654
47655
47656
47657
47659
47669
47681
47682
47704
47708
47718
47723
47725
47740
47746
47748
47752
47753
47754
47755
47763
47764
47765
47791
47793
47799
47800
47839
47845
47859
47885
47886
47896
47906
47912
47913
47915
47926
47928
47934
47941
47958
47961
47962
47964
47970
47983
47984
47985
47990
47996
47997
48001
48003
48004
48016
48018
48021
48022
48024
48025
48035
48037
48048
48050
48051
48052
48053
48058
48063
48073
48077
48078
48083
48089
48091
48098
48099
48102
48122
48125
48126
48132
48139
48142
48145
48147
48153
48154
48159
48171
48172
48174
48183
48209
48228
48232
48273
48281
48316
48341
48344
48351
48370
48371
48380
48387
48391
48397
48410
48413
48427
48428
48434
48435
48436
48438
48439
48440
48441
48445
48466
48469
48470
48472
48481
48483
48488
48491
48495
48507
48510
48522
48527
48548
48570
48580
48583
48588
48596
48598
48603
48621
48629
48631
48632
48633
48634
48635
48636
48637
48638
48639
48659
48664
48670
48674
48677
48681
48684
48686
48692
48693
48695
48697
48699
48700
48701
48704
48706
48707
48712
48728
48740
48744
48769
48780
48782
48794
48805
48817
48820
48826
48829
48830
48832
48833
48839
48843
48847
48851
48857
48869
48877
48884
48885
48886
48887
48888
48907
48909
48918
48921
48926
48940
48971
48983
48985
48994
48995
48997
49005
49009
49027
49038
49044
49056
49088
49089
49090
49091
49109
49128
49144
49184
49187
49209
49210
49221
49225
49227
49233
49250
49259
49266
49281
49283
49284
49285
49286
49287
49288
49289
49290
49291
49292
49321
49328
49341
49346
49348
49357
49378
49384
49401
49404
49449
49461
49466
49470
49477
49478
49479
49487
49491
49501
49514
49515
49516
49517
49518
49519
49520
49521
49522
49523
49524
49525
49526
49563
49565
49566
49574
49581
49583
49586
49596
49598
49608
49624
49629
49631
49632
49634
49636
49637
49639
49640
49659
49660
49667
49675
49693
49698
49699
49706
49713
49714
49717
49720
49722
49726
49731
49733
49741
49746
49763
49769
49772
49777
49778
49779
49780
49781
49782
49783
49784
49785
49786
49788
49805
49811
49823
49827
49899
49914
49943
49958
49959
49960
49975
49978
49987
49996
49997
49998
49999
50001
50017
50019
50020
50029
50034
50036
50041
50042
50049
50069
50110
50112
50113
50114
50123
50126
50127
50134
50149
50152
50160
50165
50177
50180
50197
50198
50199
50200
50201
50202
50206
50228
50233
50241
50249
50250
50270
50272
50274
50282
50297
50310
50313
50364
50365
50366
50367
50371
50373
50379
50381
50394
50411
50417
50423
50425
50428
50438
50441
50442
50443
50444
50445
50448
50475
50484
50492
50505
50508
50515
50554
50562
50595
50629
50631
50633
50636
50637
50643
50652
50672
50685
50695
50696
50700
50704
50710
50737
50738
50739
50747
50766
50767
50770
50780
50788
50808
50814
50832
50840
50841
50842
50843
50872
50895
50907
50908
50918
50919
50936
50943
50948
50958
50960
50974
50976
50977
50978
50980
50995
51011
51015
51020
51063
51071
51075
51091
51096
51101
51111
51126
51127
51133
51148
51149
51151
51152
51162
51164
51185
51186
51202
51215
51222
51223
51233
51234
51235
51251
51252
51253
51262
51268
51280
51286
51290
51294
51299
51343
51344
51348
51381
51409
51439
51442
51444
51445
51446
51447
51450
51451
51452
51453
51454
51455
51456
51457
51463
51464
51467
51475
51486
51498
51526
51540
51547
51568
51573
51576
51590
51618
51657
51660
51681
51695
51719
51755
51791
51805
51808
51812
51816
51836
51838
51847
51863
51880
51888
51895
51901
51923
51936
51952
51973
51985
52022
52026
52036
52037
52038
52039
52040
52068
52088
52095
52103
52116
52117
52145
52151
52163
52164
52176
52177
52188
52197
52202
52213
52223
52239
52245
52258
52278
52280
52281
52297
52301
52302
52303
52305
52306
52307
52308
52310
52311
52313
52314
52315
52316
52317
52319
52320
52321
52322
52324
52325
52327
52329
52330
52331
52341
52351
52365
52366
52367
52368
52369
52370
52371
52372
52373
52374
52375
52376
52377
52378
52379
52380
52381
52382
52383
52384
52385
52386
52387
52388
52389
52390
52391
52392
52393
52394
52395
52396
52397
52398
52399
52400
52401
52402
52403
52404
52405
52406
52407
52408
52409
52410
52411
52412
52413
52414
52415
52416
52417
52418
52419
52420
52421
52422
52423
52424
52425
52426
52427
52428
52429
52430
52431
52432
52433
53258
53356
53366
53369
53371
53374
53380
53381
53385
53387
53388
53391
53394
53396
53399
53403
53406
53413
53421
53428
53430
53435
53436
53438
53440
53441
53444
53445
53468
53473
53474
53475
53484
53488
53491
53495
53500
53502
53509
53512
53515
53516
53517
53518
53519
53520
53531
53532
53534
53535
53554
53555
53556
53573
53574
53577
53579
53580
53582
53586
53593
53594
53595
53596
53597
53602
53608
53623
53624
53626
53627
53629
53640
53643
53662
53663
53664
53667
53668
53677
53685
53687
53695
53703
53705
53721
53730
53741
53742
53743
53744
53745
53746
53747
53772
53773
53780
53786
53787
53790
53792
53795
53807
53814
53822
53857
53867
53883
53884
53896
53898
53904
53913
53920
53931
53934
53935
53945
53950
53955
53956
53959
53960
53962
53965
53978
53986
53988
54002
54003
54004
54009
54010
54011
54012
54015
54026
54028
54036
54039
54042
54067
54086
54093
54094
54095
54100
54109
54112
54113
54123
54125
54128
54139
54141
54160
54162
54174
54179
54240
54255
54256
54258
54262
54269
54287
54289
54307
54308
54309
54310
54311
54312
54313
54315
54317
54319
54330
54342
54343
54352
54354
54357
54358
54360
54365
54396
54426
54441
54459
54479
54481
54492
54496
54499
54504
54507
54515
54516
54517
54518
54519
54520
54521
54522
54523
54524
54525
54526
54527
54528
54529
54530
54531
54550
54552
54556
54559
54560
54561
54565
54568
54569
54570
54571
54573
54574
54576
54579
54580
54581
54582
54583
54588
54589
54590
54591
54595
54616
54622
54659
54662
54667
54676
54677
54678
54682
54686
54687
54688
54689
54691
54694
54699
54701
54709
54719
54722
54725
54734
54735
54738
54741
54742
54744
54752
54754
54756
54761
54762
54764
54769
54772
54773
54774
54775
54776
54777
54778
54779
54781
54782
54783
54800
54808
54821
54822
54832
54839
54845
54848
54855
54883
54889
54906
54910
54921
54933
54947
54955
54961
54986
54988
54989
54993
54994
54995
55018
55025
55027
55035
55053
55076
55110
55114
55115
55120
55122
55127
55133
55134
55135
55137
55155
55179
55180
55181
55234
55241
55245
55267
55271
55331
55333
55338
55342
55360
55369
55378
55385
55395
55396
55399
55406
55407
55408
55409
55410
55411
55434
55435
55438
55444
55451
55473
55481
55482
55495
55502
55503
55506
55543
55544
55556
55562
55566
55570
55572
55579
55584
55591
55596
55600
55601
55602
55615
55619
55620
55645
55652
55681
55683
55695
55706
55720
55721
55743
55746
55750
55791
55798
55800
55807
55818
55825
55829
55836
55837
55847
55848
55849
55850
55851
55852
55853
55854
55855
55856
55857
55858
55859
55860
55861
55874
55889
55899
55904
55906
55907
55938
55962
55971
55974
55996
56001
56016
56037
56057
56070
56085
56099
56100
56101
56102
56103
56115
56118
56124
56127
56130
56138
56143
56170
56183
56187
56188
56210
56212
56217
56222
56237
56261
56276
56280
56282
56290
56294
56312
56313
56314
56315
56323
56332
56333
56334
56335
56336
56337
56338
56339
56340
56341
56342
56343
56344
56345
56346
56347
56348
56349
56350
56382
56384
56394
56400
56406
56407
56408
56466
56467
56474
56475
56490
56491
56497
56499
56524
56526
56527
56528
56529
56531
56532
56534
56541
56543
56547
56560
56564
56570
56577
56612
56641
56685
56724
56730
56759
56761
56762
56766
56767
56768
56769
56770
56790
56791
56792
56794
56795
56802
56806
56807
56838
56856
56866
56873
56883
56885
56886
56889
56892
56894
56895
56914
56918
56951
56952
56968
56972
56975
56976
56983
57010
57011
57012
57013
57015
57016
57037
57049
57053
57057
57059
57062
57063
57069
57073
57097
57109
57125
57135
57137
57148
57167
57173
57175
57176
57199
57228
57234
57235
57249
57253
57261
57273
57276
57281
57287
57288
57289
57290
57295
57303
57318
57322
57338
57340
57343
57357
57369
57371
57372
57382
57387
57403
57441
57466
57470
57489
57509
57511
57514
57515
57516
57536
57545
57551
57552
57557
57558
57589
57596
57597
57602
57607
57608
57613
57615
57617
57633
57636
57652
57678
57688
57691
57706
57709
57743
57751
57756
57765
57785
57793
57794
57808
57818
57824
57844
57865
57873
57885
57893
57907
57911
57919
57921
57924
57938
57942
57947
57968
57989
58017
58019
58031
58032
58091
59350
59351
59352
59353
59354
59355
59356
59357
59358
59359
59360
59361
59362
59363
59364
59365
59366
59367
59368
59369
59370
59371
59372
59373
59374
59375
59376
59377
59378
59379
59380
59381
59382
59383
59384
59385
59386
59387
59388
59389
59390
59391
59392
59393
59394
59395
59396
59397
59398
59399
59400
59401
59402
59403
59404
59405
59406
59407
59408
59409
59410
59411
59412
59413
59414
59415
59416
59417
59418
59419
59420
59421
59422
59423
59424
59425
59426
59427
59428
59429
59430
59431
59432
59433
59603
59604
59605
59606
59607
59608
59609
59610
59611
59612
59613
59614
59615
59616
59617
59618
59619
59620
59621
59622
59623
59624
59625
59626
59627
59628
59629
59630
59631
59632
59633
59634
59635
59636
59637
59638
59639
59640
59641
59642
59643
59644
59645
59646
59647
59648
59649
59650
59651
59858
59882
59884
59888
59899
59908
59909
59928
59929
59938
59940
59941
59942
59943
59944
59945
59949
59952
59969
59970
59977
59978
59991
59999
60000
60001
60002
60012
60013
60014
60017
60025
60029
60030
60031
60036
60037
60038
60039
60044
60045
60057
60069
60071
60080
60083
60084
60094
60098
60108
60109
60114
60120
60131
60132
60133
60164
60168
60173
60178
60179
60180
60181
60182
60183
60188
60202
60231
60240
60244
60282
60297
60322
60323
60327
60329
60331
60337
60341
60351
60353
60361
60370
60376
60380
60386
60393
60397
60408
60409
60416
60425
60427
60430
60461
60469
60470
60503
60505
60506
60513
60514
60516
60517
60518
60519
60520
60525
60526
60535
60537
60538
60539
60541
60546
60547
60548
60551
60554
60583
60598
60599
60600
60605
60610
60619
60635
60640
60653
60978
60979
60983
60991
61005
61007
61012
61015
61031
61032
61038
61042
61043
61044
61045
61046
61047
61048
61049
61050
61051
61084
61095
61099
61110
61158
61160
61175
61180
61182
61196
61201
61207
61208
61213
61217
61229
61230
61231
61232
61233
61234
61236
61240
61267
61269
61273
61274
61275
61299
61314
61316
61342
61349
61351
61364
61366
61380
61404
61413
61415
61420
61439
61444
61448
61449
61450
61451
61452
61453
61454
61455
61478
61480
61486
61493
61526
61535
61552
61557
61572
61586
61593
61602
61610
61614
61621
61630
61632
61637
61638
61639
61665
61673
61676
61679
61686
61721
61732
61734
61742
61763
61764
61765
61767
61772
61775
61778
61782
61796
61808
61809
61810
61811
61812
61813
61814
61815
61816
61849
61852
61893
61894
61945
61951
61955
61956
61958
61962
61963
61970
61978
61979
61985
61986
61987
61988
61989
61990
61991
61992
61993
61994
61995
61996
61997
61998
61999
62000
62001
62002
62003
62055
62062
62065
62101
62109
62143
62164
62174
62181
62187
62188
62189
62190
62191
62192
62193
62224
62240
62245
62255
62273
62274
62276
62319
62351
62361
62362
62363
62364
62365
62366
62367
62392
62400
62401
62406
62409
62414
62437
62438
62450
62460
62495
62497
62498
62503
62526
62535
62536
62537
62538
62539
62540
62541
62542
62543
62545
62556
62561
62570
62572
62576
62580
62598
62621
62642
62644
62673
62690
62696
62714
62719
62723
62729
62730
62731
62732
62733
62734
62735
62736
62737
62738
62739
62740
62741
62749
62753
62764
62767
62768
62769
62773
62800
62801
62807
62809
62855
62859
62865
62871
62886
62908
62909
62915
62920
62935
62939
62942
62960
62965
62970
62972
62980
62982
62992
63007
63014
63015
63017
63022
63025
63026
63037
63044
63053
63054
63070
63073
63081
63098
63111
63112
63125
63135
63146
63152
63157
63161
63166
63167
63171
63172
63173
63181
63197
63204
63205
63211
63219
63221
63224
63229
63235
63238
63253
63265
63274
63317
63322
63326
63350
63362
63363
63396
63405
63419
63424
63456
63479
63504
63513
63517
63535
63580
63594
63607
63609
63620
63624
63640
63644
63649
63650
63653
63657
63670
63672
63674
63675
63701
63708
63720
63721
63755
63778
63786
63794
63797
63839
63845
63855
63856
63859
63864
63875
63889
63906
63920
63964
63991
64004
64014
64034
64036
64049
64057
64074
64080
64082
64083
64084
64116
64117
64146
64168
64178
64183
64202
64213
64239
64241
64250
64299
64308
64319
64333
64335
64360
64366
64368
64370
64371
64372
64377
64378
64382
64405
64409
64420
64421
64441
64447
64452
64593
66444
66463
66507
66515
66517
66518
66520
66536
66543
66547
66548
66551
66559
66560
66581
66585
66594
66598
66601
66645
66651
66652
66653
66665
66670
66675
66700
66701
66711
66717
66718
66719
66720
66725
66742
66749
66754
66768
66795
66825
66841
66842
66852
66855
66856
66859
66865
66870
66885
66887
66901
66911
66915
66919
66920
66921
66924
66925
66926
66928
66936
66939
66951
66973
66974
66984
66988
66995
66996
66998
66999
67000
67005
67006
67009
67012
67016
67017
67018
67025
67038
67077
67078
67089
67232
67448
67450
67453
67468
67479
67480
67482
67487
67489
67492
67496
67497
67498
67499
67500
67501
67502
67503
67504
67505
67515
67517
67518
67525
67531
67537
67545
67552
67603
67604
67617
67629
67637
67644
67645
67653
67654
67655
67656
67657
67658
67659
67677
67687
67688
67691
67810
67822
67831
67835
67857
67859
67866
67872
67873
67876
67899
67900
67917
67918
67919
67920
67921
67922
67923
67924
67925
67926
67927
67928
67929
67958
67973
67995
67998
68006
68010
68028
68044
68054
68064
68087
68099
68100
68101
68102
68103
68104
68105
68120
68123
68131
68138
68163
68167
68171
68180
68223
68227
68249
68250
68251
68252
68253
68254
68303
68317
68327
68391
68395
68409
68414
68430
68433
68434
68435
68436
68437
68438
68439
68440
68441
68442
68443
68444
68445
68446
68462
68466
68471
68474
68476
68477
68478
68482
68497
68528
68529
68530
68531
68548
68557
68561
68573
68585
68591
68604
68608
68621
68625
68635
68639
68640
68641
68642
68643
68644
68645
68646
68679
68695
68697
68698
68710
68713
68714
68716
68728
68739
68752
68789
68795
68807
68817
68818
68819
68820
68821
68822
68823
68824
68839
68859
68869
68871
68875
68878
68892
68905
68906
68911
68918
68929
68933
68955
68976
68977
68978
68979
68980
68981
69003
69010
69011
69014
69016
69026
69098
69101
69105
69107
69150
69154
69155
69157
69164
69170
69179
69185
69188
69189
69191
69206
69207
69216
69217
69218
69219
69220
69234
69243
69246
69250
69288
69307
69308
69322
69342
69343
69352
69368
69371
69377
69381
69389
69413
69414
69418
69424
69438
69489
69533
69544
69556
69575
69578
69582
69592
69606
69617
69620
69624
69631
69665
69670
69671
69673
69675
69717
69722
69726
69748
69749
69751
69810
69828
69881
69882
69884
69885
69902
69910
69911
69913
69949
69966
69969
69970
69971
69980
69997
70003
70017
70026
70030
70041
70047
70048
70055
70066
70069
70089
70104
70106
70107
70127
70130
70178
70190
70194
70207
70210
70230
70232
70252
70253
70263
70265
70273
70275
70276
70305
70310
70312
70313
70329
70346
70354
70383
70401
70423
70425
70442
70453
70457
70474
70475
70477
70478
70481
70500
70515
70517
70519
70522
70523
70531
70532
70569
70570
70572
70574
70580
70581
70602
70624
70626
70636
70641
70653
70664
70705
70740
70753
70774
70776
70782
70787
70793
70799
70814
70839
70849
70860
70873
70876
70879
70887
70895
70907
70913
70921
70924
70925
70926
70951
70954
70955
70968
70971
70976
70978
70979
70984
70985
70994
70995
70997
70998
71008
71010
71029
71043
71053
71065
71073
71103
71124
71126
71129
71135
71165
71176
71177
71180
71197
71217
71218
71255
71268
71269
71273
71281
71302
71308
71322
71329
71339
71340
71341
71343
71344
71351
71356
71357
71392
71395
71407
71419
71422
71427
71444
71445
71447
71475
71477
71488
71497
71521
71522
71531
71544
71566
71568
71571
71576
71577
71598
71603
71604
71614
71630
71637
71639
71645
71652
71657
71669
71674
71675
71678
71679
71681
71749
71753
71759
71807
71810
71815
71817
71823
71832
71883
71923
71938
71947
71961
71963
71968
71971
72010
72023
72025
72033
72056
72062
72063
72064
72065
72066
72067
72069
72070
72071
72072
72073
72074
72075
72076
72077
72078
72079
72080
72081
72082
72083
72084
72085
72087
72091
72099
72116
72118
72137
72145
72164
72165
72171
72177
72178
72190
72193
72200
72218
72221
72228
72233
72243
72245
72270
72284
72292
72293
72467
72473
72486
72490
72502
72507
72522
72523
72524
72525
72526
72527
72528
72529
72530
72531
72560
72565
72572
72575
72576
72577
72578
72586
72590
72591
72601
72606
72618
72619
72623
72655
72659
72666
72670
72681
72682
72683
72684
72685
72686
72687
72688
72705
72716
72732
72745
72770
72771
72783
72784
72797
72798
72803
72804
72808
72809
72820
72821
72823
72830
72855
72856
72861
72872
72876
72880
72907
72908
72912
72916
72921
72922
72925
72936
72947
72972
72973
72975
72996
72999
73001
73005
73009
73011
73017
73027
73028
73029
73030
73034
73036
73041
73045
73046
73047
73048
73051
73052
73053
73054
73055
73061
73063
73068
73070
73074
73082
73083
73095
73178
73189
73190
73191
73192
73193
73194
73195
73196
73197
73555
73560
73562
73565
73595
73597
73598
73599
73614
73619
73627
73629
73679
73682
73685
73704
73710
73717
73718
73736
73740
73742
73760
73761
73762
73763
73764
73765
73787
73835
73836
73837
73838
73840
73842
73872
73873
73875
73883
73891
73896
73900
73903
73914
73926
73927
73928
73929
73930
73931
73932
73949
73952
73964
73969
73973
73987
74008
74010
74021
74033
74038
74043
74045
74047
74051
74062
74076
74077
74107
74115
74118
74122
74125
74152
74170
74179
74203
74209
74215
74216
74217
74218
74219
74237
74247
74251
74252
74255
74258
74259
74289
74298
74302
74333
74335
74340
74342
74370
74372
74373
74376
74377
74378
74379
74380
74381
74383
74384
74406
74408
74411
74419
74423
74427
74449
74452
74455
74458
74475
74488
74493
74496
74497
74500
74510
74511
74528
74531
74532
74533
74534
74535
74536
74537
74538
74539
74567
74579
74584
74605
74611
74645
74654
74657
74667
74674
74676
74680
74685
74691
74699
74706
74716
74717
74718
74740
74742
74760
74765
74783
74805
74820
74824
74827
74855
74861
74862
74863
74864
74887
74898
74903
74910
74911
74938
74946
74975
74976
74996
75003
75007
75026
75029
75034
75037
75038
75039
75040
75041
75042
75043
75044
75045
75058
75061
75107
75112
75124
75134
75137
75149
75150
75154
75157
75160
75173
75196
75197
75207
75209
75212
75227
75231
75232
75233
75249
75251
75266
75288
75289
75305
75348
75374
75375
75384
75394
75395
75428
75440
75452
75511
75520
75530
75541
75543
75554
75570
75586
75587
75592
75612
75615
75616
75617
75636
75663
75690
75698
75721
75722
75742
75754
75771
75777
75789
75790
75793
75798
75803
75825
75827
75839
75881
75916
75917
75932
75941
75982
75984
75985
75987
76007
76008
76011
76013
76020
76024
76065
76072
76085
76093
76096
76105
76107
76114
76156
76167
76182
76184
76187
76194
76195
76199
76200
76201
76202
76203
76204
76207
76208
76209
76210
76211
76212
76213
76214
76235
76236
76237
76238
76239
76240
76241
76242
76243
76244
76245
76246
76247
76248
76249
76250
76251
76252
76253
76254
76255
76269
76293
76294
76295
76296
76297
76298
76299
76300
76301
76302
76303
76304
76305
76306
76307
76308
76309
76310
76311
76312
76313
76314
76321
76322
76323
76324
76325
76326
76327
76328
76344
76345
76346
76347
76348
76349
76354
76355
76357
76370
76379
76389
76406
76415
76425
76432
76433
76448
76452
76453
76464
76481
76509
76510
76512
76515
76532
76538
76539
76540
76541
76542
76547
76550
76552
76553
76558
76570
76571
76572
76584
76585
76593
76601
76612
76620
76621
76622
76626
76627
76630
76632
76668
76671
76682
76683
76685
76692
76693
76695
76696
76697
76723
76724
76725
76726
76738
76741
76743
76745
76766
76791
76799
76834
76839
76842
76844
76857
76860
76871
76875
76914
76915
76916
76953
76956
76960
76961
76962
76975
76988
76996
77005
77009
77014
77029
77039
77040
77042
77053
77056
77062
77067
77071
77075
77079
77081
77084
77097
77109
77115
77131
77142
77145
77146
77167
77168
77176
77184
77185
77186
77193
77194
77195
77212
77214
77242
77252
77259
77289
77297
77306
77310
77319
77331
77334
77342
77349
77356
77389
77394
77395
77397
77436
77460
77461
77471
77484
77485
77488
77502
77510
77544
77545
77549
77554
77559
77565
77594
77625
77633
77638
77640
77641
77654
77663
77674
77680
77681
77683
77707
77712
77720
77734
77750
77767
77790
77897
77927
77930
77947
77948
77949
77960
77970
77977
77978
77990
77994
78013
78052
78060
78070
78097
78103
78105
78108
78124
78174
78183
78189
78190
78191
78193
78194
78195
78246
78289
78292
78293
78301
78308
78362
78371
78375
78390
78413
78423
78427
78429
78434
78437
78440
78448
78467
78471
78475
78477
78484
78512
78513
78546
78548
78584
78585
78595
78619
78623
78646
78652
78686
78692
78695
78749
78766
78788
78793
78824
78842
78843
78849
78853
78855
78872
78875
78876
78888
78890
78926
78977
78995
79025
79026
79108
79115
79116
79136
79137
79142
79191
79193
79216
79233
79242
79246
79253
79270
79272
79281
79293
79299
79304
79305
79307
79310
79314
79316
79319
79320
79321
79322
79326
79328
79332
79339
79348
79355
79356
79360
79368
79369
79371
79375
79386
79430
79470
79541
79542
79543
79561
79562
79563
79567
79568
79569
79570
79571
79572
79573
79574
79575
79576
79577
79578
79579
79580
79581
79582
79583
79584
79585
79586
79587
79588
79589
79590
79591
79592
79593
79594
79595
79596
79597
79598
79599
79600
79601
79602
79603
79604
79605
79606
79607
79608
79609
79610
79611
79612
79613
79614
79615
79616
79617
79618
79619
79620
79621
79622
79623
79624
79625
79626
79627
79671
79672
79673
79674
79675
79676
79677
79678
79679
79680
79681
79682
79683
79684
79685
79686
79687
79688
79689
79690
79691
79692
79693
79694
79696
79697
79698
79699
79700
79701
79702
79703
79704
79705
79706
79707
79708
79709
79710
79711
79712
79713
79717
79719
79732
79736
79737
79738
79739
79740
79741
79742
79743
79745
79746
79747
79748
79749
79750
79751
79752
79753
79754
79755
79756
79757
79758
79759
79760
79761
79762
79763
79764
79765
79766
79767
79768
79769
79770
79771
79772
79774
79776
79780
79914
80288
80289
80409
80438
80439
80456
80459
80470
80471
80489
80498
80507
80508
80514
80516
80519
80531
80544
80548
80567
80588
80616
80626
80632
80636
80659
80673
80691
80710
80714
80745
80750
80752
80755
80766
80777
80811
80819
80852
80871
80908
80910
80912
80930
80935
80936
80941
80960
80972
80974
80977
81003
81043
81044
81045
81050
81052
81061
81063
81086
81094
81096
81109
81146
81153
81154
81155
81159
81161
81163
81181
81183
81224
81227
81234
81235
81265
81267
81268
81269
81278
81284
81287
81290
81295
81302
81318
81325
81400
81408
81417
81437
81455
81456
81457
81468
81481
81495
81513
81514
81531
81543
81544
81553
81554
81555
81560
81563
81567
81585
81586
81619
81634
81637
81638
81644
81654
81655
81656
81659
81665
81670
81704
81747
81767
81773
81788
81797
81799
81801
81808
81824
81827
81831
81852
81877
81889
81912
81914
81927
81940
81947
81966
81971
81981
81983
82007
82010
82018
82019
82057
82060
82062
82088
82090
82093
82106
82111
82120
82121
82126
82129
82141
82146
82161
82164
82167
82173
82203
82226
82229
82231
82233
82234
82235
82272
82278
82279
82280
82283
82309
82310
82311
82326
82350
82353
82365
82396
82397
82398
82402
82410
82445
82446
82450
82459
82461
82471
82472
82475
82490
82491
82501
82502
82503
82506
82516
82517
82529
82530
82533
82535
82541
82542
82585
82598
82605
82606
82607
82608
82615
82617
82619
82620
82624
82628
82661
82663
82693
82695
82742
82761
82762
82763
82767
82769
82773
82790
82800
82810
82811
82812
82878
82881
82883
82885
82886
82887
82897
82900
82903
82908
82909
82910
82920
82928
82931
82932
82933
82934
82936
82937
82938
82939
82941
82942
82944
82970
82977
82981
82982
82995
83001
83032
83064
83065
83066
83067
83068
83069
83070
83090
83096
83104
83113
83114
83116
83118
83122
83123
83128
83148
83150
83151
83155
83162
83165
83207
83227
83243
83276
83279
83282
83284
83285
83288
83301
83303
83316
83341
83349
83350
83425
83448
83465
83467
83468
83471
83472
83485
83504
83509
83510
83541
83542
83546
83566
83585
83586
83591
83601
83605
83607
83634
83644
83659
83661
83662
83663
83664
83666
83671
83672
83673
83675
83728
83746
83773
83779
83782
83796
83805
83810
83811
83819
83821
83829
83836
83880
83884
83885
83891
83896
83898
83905
83907
83913
83921
83940
83948
83961
83984
84000
84012
84013
84025
84027
84029
84031
84035
84053
84068
84130
84146
84175
84190
84191
84192
84197
84201
84206
84259
84290
84295
84296
84325
84329
84347
84360
84369
84370
84420
84454
84464
84467
84469
84470
84478
84479
84506
84511
84522
84533
84536
84540
84547
84550
84552
84553
84554
84579
84594
84596
84599
84600
84601
84604
84606
84628
84631
84633
84634
84661
84662
84672
84674
84692
84695
84699
84700
84701
84702
84705
84709
84720
84727
84728
84731
84737
84741
84764
84781
84782
84784
84785
84802
84806
84807
84811
84824
84825
84827
84840
84854
84855
84856
84857
84858
84872
84883
84889
84890
84899
84922
84945
84947
84949
84953
84960
84970
85006
85016
85025
85026
85031
85051
85062
85067
85103
85104
85105
85106
85137
85138
85178
85199
85202
85259
85272
85276
85296
85297
85321
85344
85362
85363
85365
85366
85377
85378
85391
85414
85425
85433
85454
85475
85504
85510
85511
85516
85529
85537
85542
85559
85580
85582
85597
85600
85601
85603
85613
85614
85615
85617
85618
85619
85620
85621
85622
85623
85624
85625
85626
85627
85629
85631
85632
85634
85636
85637
85640
85641
85642
85643
85644
85645
85646
85647
85650
85652
85692
85693
85698
85705
85714
85726
85727
85735
85736
85744
85761
85767
85782
85788
85797
85803
85806
85816
85817
85818
85821
85836
85837
85844
85878
85883
85884
