10000
153
155
164
165
167
168
169
171
173
176
177
178
179
181
182
183
184
185
186
187
188
189
190
191
192
193
194
195
196
197
198
199
200
201
202
203
205
206
209
210
211
212
213
214
216
219
220
221
223
224
225
226
227
228
229
230
231
232
233
234
235
236
262
264
265
266
267
334
336
337
338
340
344
347
368
461
473
556
561
763
796
1332
1531
1532
1708
2094
2098
2103
2105
2106
2110
2122
2127
2192
2314
2315
2373
2376
2393
2435
2701
2706
2708
2720
2721
2730
2738
2742
2743
2744
2745
2754
2763
2767
2771
2777
2779
2780
2782
2787
2791
2797
2800
2801
2810
2813
2814
2821
2822
2824
2828
2830
2835
2837
2843
2847
2849
2852
2856
2858
2859
2863
2866
2867
2868
2869
2872
2875
2879
2893
2894
2895
2900
2901
2902
2903
2909
2912
2913
2916
2917
2919
2922
2924
2925
2926
2929
2931
2932
2939
2940
2944
2946
2947
2948
2950
2953
2954
2955
2959
2961
2967
2970
2972
2974
2981
2988
2989
2994
2998
2999
3009
3012
3013
3014
3015
3017
3019
3029
3038
3039
3042
3044
3048
3061
3062
3064
3067
3068
3072
3079
3081
3082
3083
3086
3090
3093
3094
3095
3098
3103
3105
3106
3160
3177
3212
3214
3597
3599
3772
3774
3775
3776
3779
3780
3782
3783
3785
3786
3787
3789
3790
3791
3792
3794
3795
3798
3799
3800
3801
3802
3803
3805
3806
3807
3808
3809
3810
3811
3812
3813
3814
3815
3816
3817
3818
3819
3820
3821
3822
3825
3829
3834
3835
3836
3837
3838
3839
3840
3841
3842
3846
3847
3849
3850
3852
3853
3854
3855
3856
3858
3862
3864
3866
3867
3868
3876
3878
3879
3885
3886
3899
3901
3907
3909
3939
3947
3948
4257
4328
4344
4345
4347
4348
4349
4354
4356
4358
4364
4368
4369
4380
4385
4388
4394
4398
4399
4408
4426
5027
5030
5033
5058
5068
5071
5072
5076
5081
5083
5084
5087
5091
5113
5120
5122
5126
5248
5257
5258
5272
5274
5275
5295
5297
5301
5309
5315
5318
5319
5426
5441
5503
5906
5907
7036
7049
7050
7414
7415
7445
7449
7477
7552
7664
7673
7700
7725
7731
7732
7734
7735
7736
7737
7738
7748
7749
7750
7751
7752
7753
7754
7755
7756
7757
7758
7759
7760
7761
7762
7763
7764
7765
7766
7767
7768
7771
7774
7778
7779
7780
7781
7820
7823
7846
7854
7884
7925
7928
7934
7936
7938
7948
7950
7968
7969
7974
7980
7989
7993
7994
7996
8003
8005
8007
8016
8022
8030
8031
8032
8033
8034
8036
8039
8041
8046
8047
8054
8055
8077
8078
8083
8084
8085
8086
8087
8088
8089
8090
8091
8092
8093
8094
8095
8096
8097
8098
8099
8100
8101
8108
8109
8110
8111
8112
8113
8114
8115
8116
8117
8118
8119
8120
8121
8122
8123
8124
8125
8126
8127
8128
8129
8130
8131
8132
8133
8134
8135
8136
8137
8138
8139
8140
8141
8142
8143
8144
8145
8146
8147
8148
8149
8150
8151
8152
8153
8154
8155
8156
8157
8158
8159
8160
8161
8162
8163
8164
8165
8166
8167
8168
8169
8170
8171
8172
8173
8174
8175
8176
8177
8178
8179
8180
8181
8182
8183
8184
8187
8188
8189
8190
8191
8192
8194
8195
8196
8197
8198
8199
8200
8201
8202
8203
8204
8205
8206
8207
8208
8209
8210
8211
8212
8213
8214
8215
8291
8336
8337
8339
8340
8342
8343
8346
8348
8350
8351
8352
8353
8354
8357
8358
8359
8360
8361
8362
8363
8364
8365
8367
8368
8369
8370
8372
8373
8374
8375
8376
8377
8378
8379
8380
8381
8382
8383
8384
8385
8386
8387
8388
8389
8390
8391
8392
8393
8394
8395
8396
8397
8398
8399
8400
8401
8402
8403
8404
8405
8406
8407
8408
8409
8410
8411
8412
8413
8414
8415
8416
8417
8418
8419
8420
8422
8423
8424
8425
8426
8427
8428
8429
8430
8431
8432
8433
8434
8435
8436
8437
8438
8439
8440
8441
8442
8444
8445
8446
8447
8448
8449
8450
8451
8452
8453
8454
8455
8456
8457
8458
8459
8460
8461
8462
8463
8464
8465
8466
8467
8468
8469
8523
8624
8625
8626
8630
8632
8636
8785
8984
8988
8990
9033
9602
9603
9604
9605
9607
9611
9618
9619
9621
9625
9633
9637
9642
9643
9644
9645
9656
9661
9664
9771
9973
9974
9976
9978
9980
9981
9982
9983
9984
9985
9988
9989
9990
9991
9992
9993
9994
9995
9996
9997
9998
9999
10000
10008
10009
10010
10012
10013
10014
10015
10016
10017
10018
10020
10021
10022
10023
10024
10026
10027
10030
10031
10033
10034
10035
10036
10037
10038
10039
10040
10042
10043
10044
10045
10046
10047
10048
10049
10050
10051
10052
10053
10054
10055
10056
10057
10058
10059
10060
10061
10062
10063
10064
10082
10085
10273
10706
10741
10778
10839
11477
11480
11497
11653
11661
11663
11688
11738
11740
11743
11744
11746
11747
11754
11755
11756
11759
11765
11807
11823
11825
11829
11837
11838
11843
11844
11854
11857
11862
11864
11866
11870
11876
11877
11885
11887
11891
11892
11894
11896
11909
11917
11927
11930
11936
11939
11942
11943
11954
11960
11964
11972
11983
11994
12005
12011
12016
12018
12024
12028
12035
12040
12064
12067
12073
12075
12084
12104
12122
12135
12143
12172
12180
12184
12185
12258
12263
12277
12283
12286
12291
12311
12369
12377
12483
12492
12502
12504
12505
12508
12515
12518
12519
12523
12524
12535
12536
12539
12540
12548
12551
12558
12559
12572
12585
12590
12598
12609
12615
12620
12622
12630
12642
12651
12662
12665
12667
12686
12700
12730
12732
12755
12795
12815
12816
12831
12836
12869
12879
12907
12909
12910
12912
12926
12941
12947
12955
12956
12976
12977
13017
13040
13111
13114
13148
13178
13179
13180
13181
13182
13183
13184
13185
13186
13187
13188
13189
13190
13191
13192
13193
13194
13195
13196
13197
13198
13199
13200
13201
13202
13203
13204
13205
13208
13223
13230
13231
13237
13248
13250
13253
13259
13261
13263
13272
13276
13279
13280
13285
13293
13303
13305
13321
13326
13327
13328
13344
13349
13365
13423
13426
13429
13430
13436
13445
13470
13474
13475
13476
13477
13491
15067
15068
15069
15070
15071
15072
15073
15074
15075
15076
15077
15078
15079
15080
15081
15082
15083
15084
15085
15086
15087
15088
15089
15090
15091
15092
15093
15094
15095
15096
15097
15098
15099
15100
15101
15102
15103
15104
15105
15106
15107
15108
15109
15110
15111
15112
15113
15114
15115
15116
15117
15118
15119
15120
15121
15122
15123
15124
15125
15126
15127
15128
15129
15130
15131
15132
15134
15135
15136
15137
15138
15139
15140
15141
15142
15143
15144
15145
15146
15147
15148
15149
15150
15151
15152
15153
15154
15155
15156
15157
15158
15159
15160
15161
15162
15163
15164
15165
15166
15167
15168
15169
15170
15171
15172
15173
15174
15175
15176
15177
15178
15179
15180
15181
15182
15183
15184
15185
15186
15187
15188
15189
15191
15192
15193
15194
15195
15196
15197
15198
15199
15200
15201
15202
15203
15204
15205
15206
15207
15208
15209
15210
15211
15212
15213
15214
15215
15216
15217
15218
15219
15220
15221
15222
15223
15224
15246
15248
15249
15250
15252
15253
15266
15268
15275
15277
15278
15279
15283
15292
15300
15306
15315
15319
15336
15347
15375
15430
15452
15454
15468
15499
15540
15565
15682
15697
15712
15776
15864
15916
16017
16018
16021
16026
16041
16043
16047
16051
16064
16065
16070
16076
16083
16088
16092
16093
16098
16101
16105
16107
16117
16128
16129
16134
16135
16136
16137
16154
16156
16157
16173
16176
16178
16197
16203
16204
16206
16208
16210
16214
16218
16220
16222
16229
16231
16235
16239
16241
16247
16264
16269
16278
16280
16285
16289
16295
16306
16311
16324
16327
16333
16344
16378
16385
16463
16470
16483
16493
16498
16505
16525
16532
16534
16538
16552
16586
16607
16638
16646
16670
16722
16723
16724
16725
16727
16728
16729
16730
16731
16732
16733
16734
16735
16736
16737
16738
16739
16740
16742
16743
16744
16745
16746
16747
16748
16749
16750
16751
16752
16753
16754
16755
16756
16757
16758
16759
16760
16761
16762
16763
16764
16765
16766
16767
16768
16769
16770
16771
16772
16773
16774
16775
16776
16777
16778
16779
16781
16782
16783
16784
16785
16786
16787
16788
16789
16790
16791
16792
16793
16794
16795
16796
16797
16798
16799
16800
16801
16803
16804
16805
16806
16807
16808
16809
16810
16811
16812
16813
16814
16815
16816
16817
16818
16819
16820
16821
16822
16823
16824
16825
16826
16827
16828
16829
16830
16831
16832
16833
16834
16835
16836
16837
16838
16839
16840
16841
16862
16865
16867
16869
16870
16876
16898
16909
16930
16937
16938
16942
16945
16955
16980
16984
17016
17017
17039
17041
17053
17083
17089
17092
17097
17098
17099
17114
17122
17130
17131
17186
17189
17190
17193
17203
17230
17304
17384
17399
17401
17403
17416
17417
17428
17429
17438
17441
17468
17482
17487
17488
17494
17502
17506
17523
17550
17554
17555
17559
17560
17567
17577
17585
17586
17650
17664
17722
17813
17820
17829
17840
17872
17875
17877
17896
17898
17911
17914
17915
17924
17927
17941
17970
17971
18004
18013
18019
18023
18024
18066
18085
18110
18113
18118
18137
18178
18197
18211
18232
18251
18359
18361
18366
18367
18368
18369
18371
18373
18374
18375
18376
18377
18378
18379
18380
18381
18382
18384
18388
18389
18390
18392
18393
18395
18396
18397
18400
18402
18404
18405
18406
18408
18409
18411
18413
18416
18418
18419
18420
18421
18423
18424
18425
18426
18427
18429
18432
18433
18434
18436
18437
18438
18439
18440
18441
18442
18443
18444
18445
18446
18447
18448
18449
18450
18451
18452
18453
18454
18455
18456
18457
18459
18461
18462
18463
18464
18465
18466
18467
18468
18469
18472
18473
18475
18476
18480
18481
18484
18486
18488
18491
18504
18515
18520
18521
18522
18559
18564
18565
18566
18569
18571
18572
18573
18586
18588
18590
18602
18611
18613
18620
18625
18628
18647
18650
18671
18686
18687
18690
18693
18694
18704
18732
18736
18787
18818
18819
18824
18833
18844
18851
18852
18853
18854
18855
18857
18860
18861
18863
18865
18868
18869
18878
18879
18889
18891
18907
18912
18917
18926
18927
18940
18970
19093
19123
19124
19129
19131
19142
19154
19157
19163
19167
19168
19170
19194
19195
19199
19202
19205
19216
19231
19244
19298
19299
19304
19339
19451
19452
19456
19462
19463
19465
19466
19467
19469
19476
19477
19481
19482
19487
19488
19492
19493
19512
19515
19516
19518
19527
19530
19531
19534
19540
19553
19561
19578
19595
19609
19612
19628
19629
19647
19661
19692
19696
19707
19722
19729
19744
19757
19759
19766
19767
19780
19782
19785
19789
19799
19822
19836
19887
19914
19944
19952
19954
19955
19956
19957
19958
19960
19989
20042
20090
20091
20181
20209
20212
20216
20217
20223
20225
20226
20231
20232
20233
20237
20242
20253
20266
20279
20283
20286
20289
20291
20293
20305
20318
20336
20339
20351
20362
20381
20385
20391
20418
20419
20441
20444
20448
20449
20458
20527
20556
20591
20594
20620
20638
20709
20731
20735
20741
20759
20766
20767
20770
20781
20788
20792
20800
20801
20806
20819
20836
20839
20850
20874
20978
21002
21011
21037
21076
21128
21185
21200
21207
21211
21212
21214
21218
21224
21236
21237
21238
21239
21244
21245
21261
21264
21285
21317
21331
21359
21389
21412
21429
21434
21438
21440
21453
21455
21456
21461
21466
21624
21644
21684
21687
21747
21757
21793
21795
21805
21806
21810
21825
21838
21850
21928
21953
21974
22009
22025
22042
22061
22074
22103
22115
22116
22125
22126
22128
22132
22135
22137
22140
22141
22143
22150
22151
22152
22153
22154
22155
22156
22157
22158
22159
22163
22166
22168
22169
22170
22171
22176
22179
22183
22184
22187
22190
22191
22203
22209
22215
22218
22222
22226
22233
22234
22235
22240
22242
22246
22248
22249
22250
22251
22255
22256
22258
22290
22292
22298
22301
22303
22309
22313
22326
22335
22347
22348
22362
22369
22370
22373
22376
22392
22409
22412
22485
22525
22569
22584
22586
22587
22588
22595
22601
22605
22607
22617
22619
22620
22637
22638
22639
22641
22642
22646
22658
22663
22665
22666
22675
22681
22748
22778
22816
22833
22834
22861
22871
22906
22937
22945
22968
22987
22988
22994
22997
23019
23021
23052
23061
23093
23101
23102
23121
23188
23234
23281
23284
23285
23287
23296
23297
23303
23316
23318
23319
23334
23337
23340
23353
23355
23365
23379
23384
23395
23396
23399
23400
23494
23497
23498
23504
23519
23530
23537
23551
23574
23592
23595
23685
23692
23700
23704
23711
23713
23721
23732
23738
23747
23762
23782
23791
23803
23825
23827
23846
23848
23874
23876
23953
23955
23959
23960
23985
23986
23988
23991
23996
23997
24000
24017
24028
24036
24050
24053
24110
24111
24112
24130
24141
24155
24156
24161
24166
24173
24194
24195
24299
24301
24303
24310
24311
24314
24323
24325
24326
24333
24340
24341
24342
24371
24378
24481
24501
24510
24539
24598
24601
24608
24624
24630
24633
24638
24649
24656
24672
24717
24738
24748
24770
24774
24818
24849
24850
24898
24901
24905
24908
24914
24925
24927
24942
24951
25032
25037
25043
25122
25183
25186
25187
25188
25199
25209
25212
25217
25235
25244
25250
25258
25261
25275
25277
25279
25280
25311
25316
25355
25358
25418
25445
25485
25488
25499
25510
25551
25568
25569
25571
25573
25599
25609
25610
25619
25632
25674
25676
25697
25705
25720
25746
25747
25764
25774
25779
25787
25868
25870
25918
25927
25929
25930
25933
25935
25938
25947
25950
25960
25977
25999
26002
26003
26026
26054
26055
26056
26057
26067
26071
26134
26144
26214
26216
26218
26220
26223
26224
26225
26227
26232
26234
26235
26237
26238
26241
26242
26253
26267
26280
26281
26282
26283
26284
26285
26286
26287
26288
26289
26290
26291
26292
26293
26294
26295
26296
26297
26298
26299
26300
26301
26302
26303
26304
26305
26306
26307
26308
26309
26310
26311
26312
26313
26314
26315
26316
26317
26318
26319
26320
26321
26322
26323
26324
26325
26326
26327
26328
26329
26330
26331
26332
26333
26334
26335
26336
26337
26338
26339
26340
26341
26342
26343
26344
26345
26346
26347
26348
26349
26350
26351
26352
26353
26354
26355
26356
26357
26358
26359
26360
26361
26362
26363
26364
26365
26366
26367
26368
26369
26370
26371
26372
26373
26374
26375
26376
26377
26378
26379
26380
26381
26382
26383
26384
26385
26386
26387
26388
26389
26390
26391
26392
26393
26394
26395
26396
26397
26398
26399
26400
26401
26402
26403
26404
26405
26406
26407
26408
26409
26410
26411
26412
26413
26414
26415
26416
26417
26418
26419
26420
26421
26422
26423
26424
26425
26426
26427
26428
26429
26430
26431
26432
26433
26434
26435
26436
26437
26438
26439
26440
26441
26454
26463
26474
26481
26486
26500
26501
26505
26510
26511
26512
26513
26516
26523
26557
26560
26581
26585
26607
26631
26632
26636
26638
26639
26643
26648
26649
26651
26652
26654
26675
26676
26677
26716
26724
26737
26738
26782
26787
26788
26826
26838
26865
26868
26884
26888
26889
26896
26940
26945
26955
26957
26969
26983
27000
27028
27052
27065
27084
27120
27121
27136
27137
27140
27143
27158
27174
27175
27176
27178
27185
27197
27198
27199
27202
27205
27208
27212
27256
27267
27274
27293
27307
27322
27323
27324
27358
27368
27369
27376
27386
27402
27427
27440
27461
27463
27467
27479
27501
27504
27524
27565
27567
27596
27629
27634
27639
27648
27650
27660
27670
27701
27725
27727
27748
27773
27798
27801
27855
27856
27858
27913
28219
28220
28221
28222
28223
28224
28225
28226
28227
28228
28229
28230
28231
28232
28233
28234
28235
28236
28237
28238
28239
28240
28241
28242
28243
28244
28245
28246
28247
28248
28249
28250
28251
28252
28253
28254
28255
28256
28257
28258
28259
28260
28261
28262
28263
28264
28265
28266
28267
28268
28269
28270
28271
28272
28273
28274
28275
28276
28277
28278
28279
28280
28281
28282
28283
28284
28285
28286
28287
28288
28289
28290
28291
28292
28293
28294
28295
28296
28297
28298
28299
28300
28301
28302
28303
28304
28305
28306
28307
28308
28309
28310
28311
28312
28313
28314
28315
28316
28317
28318
28319
28320
28321
28322
28323
28324
28325
28326
28327
28328
28329
28330
28331
28332
28333
28334
28335
28336
28337
28338
28339
28340
28341
28342
28343
28344
28345
28346
28347
28348
28349
28350
28351
28352
28353
28354
28355
28356
28357
28358
28359
28360
28361
28362
28363
28364
28365
28366
28367
28368
28369
28370
28371
28372
28373
28374
28375
28376
28377
28378
28379
28380
28381
28382
28383
28384
28385
28386
28387
28388
28389
28390
28391
28392
28393
28394
28395
28396
28397
28398
28653
28654
28689
28697
28711
28713
28715
28720
28721
28722
28724
28725
28726
28727
28728
28729
28730
28731
28732
28733
28734
28735
28742
28747
28748
28761
28762
28764
28765
28766
28768
28770
28771
28786
28806
28810
28821
28822
28824
28875
28897
28922
28933
28990
28992
28997
29004
29008
29014
29029
29035
29049
29050
29086
29165
29205
29263
29273
29278
29282
29301
29322
29345
29358
29440
29451
29452
29456
29531
29558
29562
29564
29567
29569
29570
29572
29582
29585
29586
29588
29589
29591
29592
29593
29594
29595
29596
29597
29598
29602
29604
29606
29608
29609
29614
29615
29617
29618
29633
29639
29652
29653
29654
29661
29664
29666
29668
29669
29673
29684
29685
29686
29694
29695
29697
29699
29700
29705
29706
29710
29715
29724
29733
29734
29736
29746
29752
29753
29761
29762
29768
29789
29790
29801
29803
29807
29809
29823
29826
29840
29849
29850
29851
29852
29854
29871
29880
29881
29882
29885
29890
29891
29899
29900
29901
29902
29903
29904
29905
29906
29907
29908
29909
29910
29911
29912
29913
29914
29915
29916
29917
29918
29919
29920
29921
29922
29923
29924
29939
29941
29944
29957
29960
29964
29965
29966
29970
29971
29976
29979
29985
29990
29996
30015
30016
30024
30041
30184
30188
30191
30207
30231
30258
30280
30291
30292
30306
30308
30310
30348
30361
30369
30371
30372
30373
30374
30375
30376
30377
30378
30379
30381
30382
30383
30384
30385
30386
30387
30388
30389
30390
30391
30392
30393
30394
30395
30396
30397
30398
30402
30403
30404
30405
30406
30407
30408
30409
30410
30411
30412
30413
30414
30415
30416
30417
30418
30419
30420
30421
30422
30423
30424
30425
30426
30427
30428
30429
30430
30431
30432
30433
30434
30435
30436
30437
30438
30439
30440
30442
30443
30444
30445
30447
30448
30449
30450
30451
30452
30453
30454
30455
30456
30457
30458
30459
30460
30461
30462
30463
30464
30465
30466
30467
30468
30469
30470
30471
30472
30473
30474
30475
30476
30477
30478
30479
30480
30481
30482
30483
30484
30485
30487
30488
30489
30490
30491
30492
30493
30494
30495
30496
30497
30498
30499
30500
30501
30502
30503
30504
30505
30506
30507
30508
30509
30510
30511
30512
30513
30514
30515
30516
30517
30518
30519
30520
30522
30523
30524
30525
30526
30527
30528
30529
30530
30532
30533
30534
30535
30536
30537
30538
30539
30540
30541
30542
30543
30545
30547
30548
30549
30555
30598
30626
30636
30637
30638
30651
30658
30668
30672
30682
30698
30704
30711
30715
30742
30744
30746
30769
30770
30773
30774
30775
30776
30794
30833
30871
30876
30887
30906
30907
30908
30911
30916
30947
30953
30958
30963
30964
30970
30982
30989
30999
31051
31064
31084
31107
31209
31210
31211
31217
31225
31232
31245
31284
31324
31339
31343
31356
31357
31370
31379
31421
31483
31484
31487
31493
31494
31500
31505
31516
31521
31523
31524
31528
31531
31539
31543
31658
31672
31679
31757
31788
31797
31798
31806
31841
31861
31899
31930
31940
31951
31962
32026
32036
32048
32060
32061
32075
32087
32091
32095
32111
32121
32123
32127
32140
32173
32189
32203
32212
32213
32242
32246
32248
32295
32302
32304
32308
32315
32316
32323
32371
32373
32403
32407
32437
32526
32533
32535
32536
32548
32549
32550
32554
32561
32564
32588
32596
32602
32618
32652
32692
32725
32738
32812
32819
32821
32830
32831
32886
32951
32963
32966
32968
33048
33063
33093
33094
33104
33130
33136
33146
33147
33158
33159
33204
33219
33227
33252
33272
33273
33302
33303
33312
33326
33329
33330
33340
33341
33356
33383
33387
33402
33403
33457
33483
33487
33497
33528
33554
33578
33595
33616
33651
33659
33660
33690
33708
33736
33765
33769
33774
33777
33778
33794
33831
33910
33917
33928
33930
33937
33952
33956
33957
33959
33963
34009
34011
34062
34068
34102
34105
34117
34122
34139
34140
34153
34164
34173
34176
34189
34201
34202
34223
34238
34245
34246
34247
34248
34249
34250
34251
34252
34253
34254
34255
34256
34257
34258
34259
34260
34261
34262
34263
34264
34265
34266
34267
34268
34269
34270
34271
34272
34274
34275
34276
34277
34278
34279
34280
34281
34282
34283
34284
34285
34286
34287
34288
34289
34290
34291
34292
34293
34294
34295
34296
34297
34298
34299
34300
34301
34302
34303
34304
34305
34306
34307
34308
34309
34310
34311
34312
34313
34314
34315
34316
34317
34318
34319
34320
34321
34322
34323
34324
34325
34326
34327
34328
34329
34330
34331
34332
34333
34334
34335
34336
34337
34338
34339
34340
34341
34342
34343
34344
34345
34346
34347
34348
34349
34350
34351
34352
34353
34354
34355
34356
34357
34358
34359
34360
34361
34362
34363
34364
34365
34366
34367
34368
34369
34370
34371
34607
34662
34666
34670
34676
34682
34687
34689
34704
34716
34728
34731
34742
34745
34789
34804
34817
34844
34851
34858
34862
34863
34990
35011
35012
35046
35051
35056
35062
35063
35067
35075
35140
35144
35154
35161
35188
35199
35219
35273
35274
35296
35299
35301
35309
35318
35329
35335
35339
35341
35346
35350
35366
35375
35378
35399
35414
35433
35452
35453
35457
35480
35489
35493
35529
35541
35563
35567
35569
35626
35628
35637
35651
35664
35671
35684
35710
35795
35823
35916
35928
35929
35933
35937
35940
35941
35942
35954
35965
35972
36027
36032
36035
36047
36067
36101
36213
36214
36221
36226
36275
36277
36338
36345
36350
36354
36395
36400
36464
36467
36522
36556
36557
36562
36601
36604
36641
36703
36705
36714
36716
36722
36723
36726
36741
36769
36787
36799
36802
36817
36887
36936
36938
36944
36947
36965
36970
36971
37006
37009
37010
37087
37189
37227
37231
37236
37237
37242
37244
37255
37263
37285
37322
37336
37348
37375
37385
37386
37394
37410
37419
37424
37427
37442
37474
37477
37491
37498
37500
37501
37502
37506
37559
37583
37605
37703
37707
37711
37712
37715
37717
37729
37740
37742
37748
37775
37780
37803
37815
37828
37839
37914
37966
37969
37970
38055
38070
38072
38078
38113
38166
38196
38199
38201
38202
38204
38205
38206
38209
38219
38240
38247
38268
38290
38300
38303
38307
38312
38314
38315
38316
38318
38320
38321
38322
38323
38324
38325
38326
38327
38328
38329
38330
38331
38332
38333
38334
38335
38336
38337
38338
38339
38385
38386
38399
38438
38472
38481
38483
38500
38501
38557
38572
38574
38575
38580
38585
38588
38599
38602
38603
38616
38617
38622
38623
38643
38644
38652
38659
38669
38677
38679
38696
38697
38699
38707
38722
38751
38809
38813
38824
38852
38854
38882
38906
38917
38918
38921
38923
38943
38950
38959
38964
38984
38985
38987
38994
38995
38997
39012
39015
39017
39033
39037
39040
39052
39053
39056
39070
39071
39073
39074
39097
39129
39132
39153
39159
39165
39211
39225
39232
39233
39244
39248
39249
39259
39264
39278
39279
39280
39281
39298
39331
39346
39347
39350
39351
39356
39373
39395
39404
39405
39420
39434
39473
39488
39490
39528
39606
39610
39611
39642
39652
39655
39665
39669
39671
39674
39690
39702
39734
39735
39752
39778
39812
39818
39829
39869
39878
39880
39887
39912
39918
39931
39935
39936
39950
39954
39981
40005
40029
40030
40031
40032
40033
40034
40035
40036
40037
40038
40039
40040
40041
40042
40043
40044
40045
40046
40047
40048
40049
40050
40051
40052
40053
40054
40055
40056
40057
40058
40059
40060
40061
40062
40063
40064
40065
40066
40067
40068
40069
40070
40071
40072
40073
40074
40075
40076
40077
40078
40079
40080
40081
40082
40083
40084
40085
40086
40087
40088
40089
40090
40091
40092
40093
40094
40095
40096
40097
40098
40099
40100
40101
40102
40103
40104
40105
40106
40107
40108
40109
40110
40111
40112
40113
40114
40115
40116
40117
40118
40119
40120
40121
40122
40123
40124
40125
40126
40127
40128
40129
40130
40131
40132
40133
40134
40135
40136
40137
40138
40139
40140
40141
40142
40143
40144
40145
40146
40147
40148
40149
40150
40151
40152
40153
40154
40155
40156
40157
40158
40514
40515
40516
40517
40518
40519
40520
40521
40522
40523
40524
40525
40526
40527
40528
40529
40530
40531
40532
40533
40534
40535
40536
40537
40538
40539
40540
40541
40542
40543
40544
40545
40546
40547
40548
40549
40550
40551
40552
40553
40554
40555
40556
40557
40558
40559
40560
40561
40562
40563
40564
40565
40566
40567
40568
40569
40570
40571
40572
40573
40574
40575
40576
40577
40578
40579
40580
40581
40582
40583
40584
40585
40586
40587
40588
40589
40590
40591
40592
40593
40594
40595
40596
40597
40598
40599
40600
40601
40602
40603
40604
40605
40606
40607
40608
40609
40610
40611
40612
40613
40614
40615
40616
40617
40618
40619
40620
40621
40622
40623
40624
40625
40626
40627
40628
40629
40630
40631
40632
40633
40634
40635
40636
40637
40638
40639
40640
40641
40642
40643
40644
40645
40646
40647
40648
40649
40650
40651
40652
40653
40654
40655
40656
40657
40658
40659
40660
40661
40662
40663
40664
40665
40666
40667
40668
40669
40670
40671
40756
40757
40758
40759
40760
40761
40762
40763
40764
40765
40766
40767
40768
40769
40770
40771
40772
40773
40774
40775
40776
40777
40778
40779
40780
40781
40782
40783
40784
40785
40786
40787
40788
40789
40790
40791
40792
40793
40794
40795
40796
40797
40798
40799
40800
40801
40802
40803
40804
40805
40806
40807
40808
40809
40810
40811
40812
40813
40814
40815
40816
40817
40818
40819
40820
40821
40822
40823
40824
40825
40826
40827
40828
40829
40830
40831
40832
40833
40834
40835
40836
40837
40838
40839
40840
40841
40842
40843
40844
40845
40846
40847
40848
40849
40850
40851
40852
40853
40854
40855
40856
40857
40858
40859
40860
40861
40862
40863
40864
40865
40866
40867
40868
40869
40870
40871
40872
40873
40874
40875
40876
40877
40878
40879
40880
40881
40882
40883
40884
40885
40886
40887
40888
40889
40890
40891
40892
40893
40894
40895
40896
40897
40898
40899
40900
40901
40902
40903
40904
40905
40906
40907
40908
40909
40910
40911
40938
40974
40975
40977
40978
40979
40981
40984
40988
40989
40990
40991
40992
40993
40994
40995
40996
40997
40998
40999
41001
41002
41003
41004
41005
41008
41009
41010
41012
41014
41015
41016
41017
41018
41019
41020
41022
41023
41025
41026
41027
41028
41029
41030
41031
41032
41033
41034
41035
41036
41037
41038
41039
41040
41041
41042
41043
41045
41046
41047
41048
41049
41050
41052
41053
41055
41056
41057
41058
41059
41060
41061
41062
41063
41064
41065
41066
41067
41068
41070
41071
41072
41073
41074
41075
41076
41077
41078
41079
41081
41082
41083
41084
41091
41092
41093
41094
41095
41096
41097
41098
41099
41101
41102
41146
41171
41172
41175
41189
41195
41198
41213
41215
41241
41256
41284
41286
41295
41296
41298
41416
41420
41422
41433
41437
41451
41464
41470
41471
41475
41505
41510
41523
41577
41615
41628
41629
41637
41639
41642
41649
41650
41669
41670
41673
41695
41698
41699
41701
41737
41739
41741
41747
41750
41758
41776
41791
41805
41819
41821
41822
41837
41847
41848
41860
41861
41862
41863
41864
41865
41866
41867
41873
41927
41956
42024
42025
42046
42077
42081
42093
42101
42105
42108
42162
42185
42244
42246
42247
42273
42284
42285
42289
42304
42337
42384
42394
42414
42429
42494
42506
42515
42556
42576
42617
42621
42629
42631
42647
42682
42706
42714
42728
42757
42766
42768
42775
42801
42860
42869
42873
42893
42907
42969
42985
43012
43024
43026
43048
43051
43061
43104
43116
43122
43149
43200
43244
43247
43249
43282
43285
43323
43340
43369
43370
43371
43392
43393
43434
43454
43477
43481
43500
43568
43574
43581
43595
43599
43608
43648
43653
43654
43668
43695
43750
43797
43809
43815
43878
43885
43892
43893
43914
43926
43936
44060
44061
44063
44064
44067
44068
44084
44095
44106
44108
44120
44127
44143
44159
44160
44197
44204
44219
44252
44308
44359
44404
44410
44422
44455
44479
44480
44481
44483
44512
44537
44543
44545
44557
44577
44583
44604
44607
44630
44642
44654
44673
44692
44708
44723
44729
44772
44788
44833
44838
44917
44933
44938
44954
44982
44985
44987
44988
44993
44999
45024
45041
45043
45057
45113
45133
45135
45155
45172
45184
45206
45214
45216
45218
45223
45225
45226
45239
45262
45264
45285
45287
45319
45330
45372
45375
45390
45429
45446
45459
45514
45554
45609
45611
45614
45625
45629
45630
45631
45634
45797
45838
45862
45920
45937
45944
45945
45948
45966
45972
45973
45975
45993
46017
46032
46064
46067
46069
46075
46082
46111
46119
46156
46158
46178
46239
46256
46356
46357
46358
46359
46360
46361
46362
46363
46364
46365
46366
46367
46368
46369
46370
46371
46372
46373
46374
46375
46376
46377
46378
46379
46380
46381
46382
46383
46384
46385
46386
46387
46388
46389
46390
46391
46392
46393
46394
46395
46396
46397
46398
46399
46400
46401
46402
46403
46404
46405
46406
46407
46408
46409
46410
46411
46412
46413
46414
46415
46416
46417
46418
46419
46420
46421
46422
46423
46424
46425
46426
46427
46428
46429
46430
46431
46432
46433
46434
46435
46436
46437
46438
46439
46440
46441
46442
46443
46444
46445
46446
46447
46448
46449
46450
46451
46452
46453
46454
46455
46456
46457
46458
46459
46460
46461
46462
46463
46464
46465
46466
46467
46468
46469
46470
46471
46472
46473
46474
46475
46476
46477
46478
46479
46480
46481
46482
46483
46484
46485
46486
46487
46488
46489
46490
46491
46492
46493
46494
47432
47463
47470
47478
47480
47489
47502
47568
47577
47578
47579
47607
47622
47627
47666
47712
47724
47728
47738
47762
47788
47818
47860
47878
47879
47899
47905
47910
47922
47924
47927
47939
47948
47998
48006
48007
48017
48020
48029
48039
48062
48081
48093
48106
48116
48117
48118
48129
48131
48206
48318
48327
48347
48356
48357
48364
48366
48374
48378
48383
48419
48442
48463
48468
48541
48573
48578
48612
48658
48660
48672
48745
48755
48791
48808
48819
48831
48905
48938
48941
48948
48988
49054
49081
49217
49226
49229
49232
49235
49238
49262
49268
49272
49280
49363
49414
49451
49467
49471
49474
49489
49506
49510
49532
49534
49575
49603
49646
49652
49702
49707
49734
49736
49762
49771
49812
49817
49839
49845
49856
49931
49944
49970
49981
50032
50124
50129
50185
50188
50253
50256
50382
50392
50395
50408
50433
50451
50460
50474
50491
50500
50526
50544
50569
50570
50584
50594
50619
50620
50641
50682
50705
50725
50751
50763
50791
50820
50830
50853
50855
50871
50873
50875
50887
50916
50923
50932
50934
50937
50953
50957
50969
51030
51057
51083
51106
51114
51137
51139
51141
51174
51177
51179
51203
51204
51217
51231
51256
51305
51306
51319
51334
51368
51394
51429
51438
51443
51477
51511
51525
51534
51537
51549
51582
51584
51608
51631
51633
51639
51653
51655
51656
51659
51664
51674
51682
51692
51706
51707
51736
51757
51784
51792
51823
51904
51933
51935
51965
51984
52016
52031
52064
52138
52140
52146
52147
52185
52186
52187
52189
52196
52211
52216
52262
52292
52294
52304
52309
52312
52318
52323
52326
52328
52343
53246
53251
53352
53359
53360
53361
53362
53370
53384
53397
53402
53446
53463
53524
53530
53576
53578
53628
53661
53670
53726
53740
53751
53781
53789
53827
53906
53921
53922
53933
53937
53940
53943
53946
53961
53967
53981
53991
54005
54016
54029
54034
54053
54082
54119
54273
54282
54294
54297
54337
54371
54447
54456
54470
54486
54510
54557
54597
54648
54680
54693
54703
54721
54750
54802
54818
54827
54842
54844
54887
54896
54949
54974
55009
55028
55080
55088
55113
55119
55121
55129
55138
55175
55227
55229
55233
55251
55334
55343
55344
55345
55347
55349
55350
55368
55373
55374
55375
55403
55412
55413
55432
55450
55557
55564
55568
55575
55588
55622
55691
55715
55736
55794
55802
55892
55893
55909
56020
56044
56053
56058
56062
56075
56112
56147
56152
56204
56205
56264
56271
56277
56278
56317
56395
56397
56403
56482
56506
56540
56576
56594
56616
56617
56635
56651
56681
56703
56745
56757
56763
56764
56771
56793
56804
56805
56827
56882
56884
56891
56916
56946
56955
56964
56967
56977
56978
56985
56993
57003
57032
57045
57051
57061
57083
57089
57120
57161
57163
57168
57171
57182
57191
57203
57213
57227
57236
57252
57326
57363
57375
57385
57399
57400
57419
57425
57426
57464
57475
57523
57574
57594
57600
57604
57614
57618
57626
57629
57665
57668
57675
57696
57826
57845
57862
57878
57879
57897
57909
57926
57941
57945
57963
57976
57983
57988
57994
58100
58101
58102
58103
58104
58105
58106
58107
58108
58109
58110
58111
58112
58113
58114
58115
58116
58117
58118
58119
58120
58121
58122
58123
58124
58125
58126
58127
58128
58129
58130
58131
58132
58133
58134
58135
58136
58137
58138
58139
58140
58141
58142
58143
58144
58145
58146
58147
58148
58149
58150
58151
58152
58153
58154
58155
58156
58157
58158
58159
58160
58161
58162
58163
58164
58165
58166
58167
58168
58169
58170
58171
58172
58173
58174
58175
58176
58177
58178
58179
58180
58181
58182
58183
58184
58185
58186
58187
58188
58189
58190
58191
58192
58193
58194
58195
58196
58197
58198
58199
58200
58201
58202
58203
58204
58205
58206
58207
58208
58209
58210
58211
59214
59215
59216
59217
59218
59219
59220
59221
59222
59223
59224
59225
59226
59227
59228
59229
59230
59231
59232
59233
59234
59235
59236
59237
59238
59239
59240
59241
59242
59243
59244
59245
59246
59247
59248
59249
59250
59251
59252
59253
59254
59255
59256
59257
59258
59259
59260
59261
59262
59263
59264
59265
59266
59267
59268
59269
59270
59271
59272
59273
59274
59275
59276
59277
59278
59279
59280
59281
59282
59283
59284
59285
59286
59287
59288
59289
59290
59291
59292
59293
59294
59295
59296
59297
59298
59299
59300
59301
59302
59303
59304
59305
59306
59307
59308
59309
59310
59311
59312
59313
59314
59315
59316
59317
59318
59319
59320
59321
59322
59323
59324
59325
59326
59327
59328
59329
59330
59331
59332
59333
59334
59335
59336
59337
59338
59339
59340
59341
59342
59343
59344
59345
59346
59441
59442
59443
59444
59445
59446
59447
59448
59449
59450
59451
59452
59453
59454
59455
59456
59457
59458
59459
59460
59461
59462
59463
59464
59465
59466
59467
59468
59469
59470
59471
59472
59473
59474
59475
59476
59477
59478
59479
59480
59481
59482
59483
59484
59485
59486
59487
59488
59489
59490
59491
59492
59493
59494
59495
59496
59497
59498
59499
59500
59501
59502
59503
59504
59505
59506
59507
59508
59509
59510
59511
59512
59513
59514
59515
59516
59517
59518
59519
59520
59521
59522
59523
59524
59525
59526
59527
59528
59529
59530
59531
59532
59533
59534
59535
59536
59537
59538
59539
59540
59541
59542
59543
59544
59545
59546
59547
59548
59549
59550
59551
59552
59553
59554
59555
59556
59557
59558
59559
59560
59561
59562
59563
59564
59565
59566
59567
59568
59569
59570
59571
59572
59573
59574
59575
59576
59577
59578
59579
59580
59581
59582
59583
59584
59585
59586
59587
59588
59589
59590
59591
59592
59593
59594
59595
59660
59661
59662
59663
59664
59665
59666
59667
59668
59669
59670
59671
59672
59673
59674
59675
59676
59677
59678
59679
59680
59681
59682
59683
59684
59685
59686
59687
59688
59689
59690
59691
59692
59693
59694
59695
59696
59697
59698
59699
59700
59701
59702
59703
59704
59705
59706
59707
59708
59709
59710
59711
59712
59713
59714
59715
59716
59717
59718
59719
59720
59721
59722
59723
59724
59725
59726
59727
59728
59729
59730
59731
59732
59733
59734
59735
59736
59737
59738
59739
59740
59741
59742
59743
59744
59745
59746
59747
59748
59749
59750
59751
59752
59753
59754
59755
59756
59757
59758
59759
59760
59761
59762
59763
59764
59765
59766
59767
59768
59769
59770
59771
59772
59773
59774
59775
59776
59777
59778
59779
59780
59781
59782
59783
59784
59785
59786
59787
59788
59789
59790
59791
59792
59793
59794
59795
59796
59797
59798
59799
59800
59801
59802
59803
59804
59805
59806
59807
59808
59809
59810
59811
59812
59813
59814
59815
59816
59817
59818
59819
59820
59821
59822
59823
59824
59825
59826
59827
59828
59829
59830
59831
59832
59833
59834
59835
59836
59837
59838
59839
59840
59841
59842
59843
59844
59845
59846
59847
59848
59890
59896
59897
59901
59904
59910
59911
59954
60099
60113
60129
60137
60161
60171
60194
60197
60222
60229
60234
60246
60305
60307
60308
60311
60316
60320
60333
60334
60346
60352
60357
60365
60377
60411
60417
60426
60437
60486
60515
60639
60663
60968
60970
60973
60974
60975
61000
61030
61170
61171
61189
61191
61192
61198
61238
61276
61359
61360
61399
61403
61433
61456
61465
61471
61492
61497
61500
61512
61529
61551
61558
61588
61589
61591
61595
61607
61619
61662
61733
61760
61770
61840
61860
61935
61937
61948
61982
62004
62034
62035
62069
62099
62122
62146
62150
62175
62214
62227
62234
62277
62298
62317
62330
62341
62374
62485
62490
62524
62567
62584
62626
62701
62712
62713
62718
62742
62776
62777
62803
62813
62850
62902
62906
62919
62937
62983
62993
63003
63009
63010
63011
63042
63043
63058
63068
63148
63249
63254
63342
63354
63404
63490
63498
63536
63598
63604
63678
63735
63741
63752
63756
63783
63803
63840
63869
63881
63895
63925
63932
63934
63942
63987
64024
64025
64105
64115
64172
64182
64198
64201
64233
64248
64259
64275
64276
64277
64285
64330
64351
64352
64397
64417
64442
64594
64595
64596
64597
64598
64599
64600
64601
64602
64603
64604
64605
64606
64607
64608
64609
64610
64611
64612
64613
64614
64615
64616
64617
64618
64619
64620
64621
64622
64623
64624
64625
64626
64627
64628
64629
64630
64631
64632
64633
64634
64635
64636
64637
64638
64639
64640
64641
64642
64643
64644
64645
64646
64647
64648
64649
64650
64651
64652
64653
64654
64655
64656
64657
64658
64659
64660
64661
64662
64663
64664
64665
64666
64667
64668
64669
64670
64671
64672
64673
64674
64675
64676
64677
64678
64679
64680
64681
64682
64683
64684
64685
64686
64687
64688
64689
64706
64707
64708
64709
64710
64711
64712
64713
64714
64715
64716
64717
64718
64719
64720
64721
64722
64723
64724
64725
64726
64727
64728
64729
64730
64731
64732
64733
64734
64735
64736
64737
64738
64739
64740
64741
64742
64743
64744
64745
64746
64747
64748
64749
64750
64751
64752
64753
64754
64755
64756
64757
64758
64759
64760
64761
64762
64763
64764
64765
64766
64767
64768
64769
64770
64771
64772
64773
64774
64775
64776
64777
64778
64779
64780
64781
64782
64783
64784
64785
64786
64787
64788
64789
64790
64791
64792
64793
64794
64795
64796
64797
64798
64799
64800
64801
64802
64803
64804
64805
64806
64807
64808
64809
64810
64811
64812
64813
64814
64815
64816
64817
64818
64819
64820
64821
64822
64823
64824
64825
64826
64827
64828
64829
64830
64831
64832
64833
64834
64835
64836
64837
64838
64839
64840
64841
64842
64843
64844
64845
64846
64847
64848
64849
64850
64851
64852
64853
64854
64855
64856
64857
64858
64859
64860
64861
64862
64863
64864
64865
64866
64867
64868
64869
64870
64871
64872
64873
64874
64875
64876
64877
64878
64879
64880
64881
64882
64883
66299
66300
66301
66302
66303
66304
66305
66306
66307
66308
66309
66310
66311
66312
66313
66314
66315
66316
66317
66318
66319
66320
66321
66322
66323
66324
66325
66326
66327
66328
66329
66330
66331
66332
66333
66334
66335
66336
66337
66338
66339
66340
66341
66342
66343
66344
66345
66346
66347
66348
66349
66350
66351
66352
66353
66354
66355
66356
66357
66358
66359
66360
66361
66362
66363
66364
66365
66366
66367
66368
66369
66370
66371
66372
66373
66374
66375
66376
66377
66378
66379
66380
66381
66382
66383
66384
66385
66386
66387
66388
66389
66390
66391
66392
66393
66394
66395
66396
66397
66398
66399
66400
66401
66402
66403
66404
66405
66406
66407
66408
66409
66410
66411
66412
66413
66414
66415
66416
66417
66418
66419
66420
66421
66422
66423
66424
66425
66426
66427
66428
66429
66430
66431
66432
66433
66434
66509
66513
66516
66521
66527
66535
66562
66574
66588
66591
66595
66616
66672
66674
66683
66687
66703
66765
66766
66778
66802
66839
66853
66857
66860
66861
66891
66896
66905
66908
66922
66923
66929
66931
66932
66933
66937
66947
66950
66956
66966
66972
66978
67014
67094
67122
67124
67454
67465
67483
67565
67566
67597
67605
67619
67636
67678
67681
67694
67708
67722
67824
67836
67845
67847
67848
67849
67852
67853
67867
67868
67875
67881
67894
67904
67910
67948
67950
67957
67963
67993
68041
68042
68045
68047
68049
68051
68056
68057
68069
68076
68079
68094
68116
68122
68148
68150
68153
68201
68213
68215
68216
68222
68292
68302
68403
68404
68421
68425
68448
68459
68499
68533
68580
68586
68590
68592
68596
68598
68626
68669
68682
68735
68772
68776
68791
68803
68838
68857
68931
68936
68994
69013
69114
69122
69123
69162
69169
69173
69196
69205
69232
69257
69282
69310
69321
69325
69336
69347
69353
69361
69448
69452
69454
69473
69503
69512
69522
69552
69557
69572
69619
69633
69652
69707
69752
69753
69785
69806
69838
69857
69892
69909
69930
69953
69994
70018
70036
70043
70060
70063
70068
70083
70094
70123
70128
70148
70233
70237
70241
70244
70260
70270
70272
70289
70296
70297
70373
70398
70429
70435
70468
70469
70494
70502
70508
70521
70540
70582
70630
70654
70655
70656
70700
70720
70721
70746
70759
70823
70835
70858
70863
70888
70901
70903
70908
70911
70927
70952
70963
71068
71084
71134
71203
71215
71223
71256
71306
71314
71316
71330
71376
71413
71440
71575
71596
71597
71600
71636
71638
71640
71649
71650
71651
71654
71656
71662
71667
71676
71677
71680
71682
71683
71684
71685
71686
71687
71688
71689
71690
71691
71692
71693
71694
71695
71696
71697
71698
71699
71700
71701
71702
71705
71706
71707
71708
71709
71710
71711
71714
71715
71717
71718
71719
71720
71721
71722
71723
71724
71725
71726
71727
71728
71730
71731
71732
71733
71734
71735
71736
71737
71738
71739
71740
71741
71742
71743
71744
71746
71747
71756
71760
71762
71876
71880
71888
71900
71921
71973
71977
72001
72068
72109
72134
72203
72210
72252
72291
72296
72359
72367
72368
72388
72389
72390
72391
72392
72393
72394
72395
72396
72397
72398
72399
72400
72403
72404
72406
72407
72408
72409
72410
72411
72412
72413
72414
72415
72416
72417
72418
72419
72420
72421
72422
72423
72427
72428
72429
72430
72432
72433
72434
72435
72436
72438
72440
72441
72442
72443
72444
72445
72446
72448
72449
72450
72451
72452
72453
72454
72455
72456
72457
72458
72459
72460
72461
72462
72463
72464
72465
72466
72470
72471
72472
72478
72579
72585
72626
72639
72641
72652
72779
72781
72787
72792
72796
72799
72800
72816
72817
72822
72841
72843
72852
72897
72910
72913
72914
72919
72928
72956
72974
73000
73050
73156
73158
73159
73213
73217
73539
73556
73564
73586
73698
73703
73730
73790
73833
73895
73910
73923
73943
73947
73953
73960
73995
74037
74063
74067
74094
74112
74129
74154
74172
74181
74182
74195
74263
74324
74326
74331
74337
74362
74366
74382
74385
74429
74430
74451
74461
74489
74507
74508
74514
74564
74582
74587
74643
74644
74668
74671
74682
74741
74744
74752
74757
74774
74775
74821
74856
74876
74890
74895
74914
74954
74992
74993
75010
75013
75014
75024
75025
75118
75155
75169
75201
75202
75229
75242
75247
75253
75285
75292
75295
75335
75336
75377
75379
75411
75439
75481
75505
75528
75560
75576
75665
75675
75676
75734
75761
75767
75786
75813
75848
75850
75897
75902
75928
75935
75962
76005
76006
76010
76047
76055
76120
76135
76136
76145
76178
76205
76206
76287
76289
76290
76291
76292
76340
76341
76342
76343
76351
76377
76404
76574
76580
76581
76582
76583
76586
76587
76672
76677
76720
76739
76753
76806
76877
76905
76911
77004
77082
77092
77095
77098
77102
77103
77199
77234
77235
77255
77269
77270
77271
77272
77276
77284
77315
77318
77366
77420
77447
77487
77537
77568
77628
77781
77831
77892
77935
77952
78085
78086
78089
78141
78146
78148
78222
78232
78238
78250
78263
78324
78361
78377
78416
78417
78452
78627
78632
78650
78658
78659
78661
78662
78663
78664
78665
78667
78678
78756
78852
78879
78916
78933
78934
78935
78955
78956
78968
78996
79035
79140
79160
79184
79192
79195
79201
79229
79230
79282
79283
79295
79298
79300
79301
79302
79303
79309
79312
79313
79318
79323
79325
79327
79330
79331
79333
79334
79335
79336
79349
79350
79351
79362
79640
80384
80408
80411
80412
80416
80422
80447
80495
80505
80506
80510
80521
80522
80526
80610
80611
80621
80624
80628
80630
80643
80645
80656
80676
80728
80774
80775
80786
80787
80825
80853
80881
80947
81066
81090
81093
81101
81180
81191
81205
81207
81220
81226
81273
81288
81292
81293
81321
81364
81370
81371
81372
81409
81422
81423
81431
81497
81515
81533
81562
81570
81622
81636
81641
81652
81692
81712
81719
81724
81751
81755
81782
81806
81861
81926
81954
82023
82089
82110
82115
82168
82170
82181
82205
82237
82240
82258
82261
82262
82270
82273
82281
82295
82322
82329
82339
82359
82362
82394
82406
82408
82409
82452
82468
82470
82484
82485
82494
82534
82556
82581
82600
82601
82602
82622
82638
82646
82654
82665
82675
82748
82759
82772
82807
82808
82817
82830
82874
82894
82907
82911
82912
82913
82914
82915
82918
82919
82929
82962
82969
82976
82994
82996
82997
83034
83051
83052
83053
83054
83093
83097
83108
83160
83244
83257
83261
83264
83277
83286
83291
83338
83339
83342
83344
83348
83397
83422
83438
83446
83447
83450
83463
83464
83470
83477
83478
83491
83492
83506
83508
83511
83552
83608
83615
83652
83654
83655
83656
83660
83682
83726
83735
83736
83739
83744
83745
83756
83776
83785
83800
83809
83814
83815
83817
83818
83854
83889
83899
83903
83947
83994
84016
84034
84036
84099
84107
84157
84177
84182
84215
84229
84264
84282
84314
84332
84335
84350
84367
84377
84408
84418
84423
84425
84441
84488
84492
84527
84529
84543
84566
84595
84616
84698
84714
84721
84777
84778
84796
84830
84848
84867
84918
84966
84987
84993
85034
85045
85056
85097
85098
85099
85100
85111
85168
85189
85200
85203
85204
85251
85267
85268
85269
85270
85286
85289
85290
85318
85342
85346
85376
85420
85426
85432
85442
85443
85444
85445
85446
85501
85503
85518
85539
85595
85596
85610
85612
85654
85676
85677
85680
85681
85682
85683
85684
85766
85775
85779
85780
85849
85850
85851
85852
85862
85874
85953
85975
85986
85997
86011
86013
86031
86044
86045
86054
86085
86127
86133
86163
86164
86165
86166
86167
86168
86185
86190
86195
86249
86336
86337
86338
86339
86340
86351
86353
86356
86369
86432
86463
86482
86483
86484
86485
86513
86514
86515
86516
86517
86518
86519
86520
86521
86522
86523
86524
86525
86526
86527
86528
86529
86530
86531
86532
86533
86534
86535
86536
86537
86538
86539
86540
86541
86542
86543
86544
86545
86546
86547
86548
86549
86550
86551
86552
86553
86554
86555
86556
86557
86558
86559
86560
86561
86562
86563
86564
86565
86566
86567
86568
86569
86570
86571
86572
86573
86574
86575
86576
86577
86578
86579
86580
86581
86582
86583
86584
86585
86586
86587
86588
86589
86590
86591
86592
86593
86594
86595
86596
86597
86598
86599
86600
86601
86602
86603
86604
86605
86606
86607
86608
86609
86610
86611
86612
86613
86614
86615
86616
86617
86618
86619
86620
86621
86622
86623
86624
86625
86626
86627
86628
86629
86630
86631
86632
86633
86634
86635
86636
86637
86638
86639
86640
86641
86642
86643
86644
86645
86646
86647
86648
86649
86650
86651
86652
86653
86654
86655
86656
86657
86658
86659
86660
86661
86662
86663
86664
86665
86666
86667
86668
86669
86670
86671
86672
86673
86674
86675
86676
86677
86678
86679
86680
86730
86731
86732
86733
86734
86735
86736
86737
86738
86739
86740
86741
86742
86743
86744
86745
86746
86747
86748
86749
86750
86751
86752
86753
86754
86755
86756
86757
86758
86759
86760
86761
86762
86763
86764
86765
86766
86767
86768
86769
86770
86771
86772
86773
86774
86775
86776
86777
86778
86779
86780
86781
86782
86783
86784
86785
86786
86787
86788
86789
86790
86791
86792
86793
86794
86795
86796
86797
86798
86799
86800
86801
86802
86803
86804
86805
86806
86807
86808
86809
86810
86811
86812
86813
86814
86815
86816
86817
86818
86819
86820
86821
86822
86823
86824
86825
86826
86827
86828
86829
86830
86831
86832
86833
86834
86835
86836
86837
86838
86839
86840
86841
86842
86843
86844
86845
86846
86847
86848
86849
86850
86851
86852
86853
86854
86855
86856
86857
86858
86859
86860
86861
86862
86863
86864
86865
86866
86867
86868
86869
86870
86871
86872
86873
86874
86875
86876
86877
86878
86879
86880
87266
87267
87268
87269
87270
87271
87272
87273
87274
87275
87276
87277
87278
87279
87280
87281
87282
87283
87284
87285
87286
87287
87288
87289
87290
87291
87292
87293
87294
87295
87296
87297
87298
87299
87300
87301
87302
87303
87304
87305
87306
87307
87308
87309
87310
87311
87312
87313
87314
87315
87316
87317
87318
87319
87320
87321
87322
87323
87324
87325
87326
87327
87328
87329
87330
87331
87332
87333
87334
87335
87336
87337
87338
87339
87340
87341
87342
87343
87344
87345
87346
87347
87348
87349
87350
87351
87352
87353
87354
87355
87356
87357
87358
87359
87360
87361
87362
87363
87364
87365
87366
87367
87368
87369
87370
87371
87372
87373
87374
87375
87376
87377
87378
87379
87380
87381
87382
87383
87384
87385
87386
87387
87388
87389
87390
87391
87392
87393
87441
87442
87454
87469
87502
87514
87570
87591
87594
87668
87692
87705
87706
87707
87708
87711
87727
87729
87734
87735
87740
87743
87750
87753
87758
87760
87763
87768
87769
87770
87796
87829
87840
87871
87874
87901
87903
87906
87926
87928
87933
87942
87967
87972
87994
87995
88035
88066
88071
88081
88094
88127
88177
88178
88179
88209
88212
88275
88355
88364
88374
88823
88832
88839
88873
88985
88995
89003
89028
89051
89107
89127
89131
89139
89170
89185
89211
89227
89228
89256
89259
89312
89337
89346
89410
89477
89494
89511
89512
89550
89551
89642
89643
89663
89676
89735
89760
89774
89782
89792
89806
89808
89845
89846
89855
89869
89918
89920
89932
90070
90082
90090
90126
90200
90201
90208
90209
90218
90220
90223
90243
90252
90258
90272
90338
90394
90422
90457
90458
90459
90460
90486
90518
90563
90572
90573
90649
90650
90651
90670
90673
90687
90724
90734
90744
90746
90747
90748
90822
90823
90824
90825
90826
90843
90844
90846
90853
90871
90872
90878
90931
90936
90938
90950
90964
91008
91012
91024
91025
91028
91029
91030
91031
91032
91033
91034
91035
91043
91073
91081
91082
91139
91181
91217
91218
91219
91220
91221
91222
91223
91224
91225
91226
91227
91235
91246
91288
91298
91299
91308
91379
91380
91381
91382
91383
91384
91488
91489
91490
91491
91492
91493
91494
91495
91496
91497
91498
91499
91500
91501
91502
91503
91504
91529
91538
91541
91545
91554
91556
91566
91575
91640
91641
91642
91643
91703
91716
91717
91718
91719
91720
91721
91722
91723
91724
91725
91726
91741
91783
91789
91854
91855
91871
91872
91917
91918
91919
91920
91921
91922
91923
91924
91925
91926
91927
91928
91929
91930
91931
91932
91972
91976
91980
91987
91988
92089
92096
92135
92153
92157
92158
92159
92160
92161
92162
92163
92165
92166
92191
92196
92216
92217
92219
92283
92306
92311
92351
92352
92358
92359
92360
92361
92362
92363
92392
92403
92404
92539
92540
92541
92553
92585
92629
92630
92631
92632
92633
92634
92635
92636
92637
92662
92668
92686
92692
92763
92764
92765
92766
92767
92784
92849
92853
92854
92855
92856
92893
92894
92895
92910
92916
92924
92943
92945
92953
92987
92999
93004
93014
93015
93017
93039
93041
93042
93106
93146
93147
93148
93180
93183
93190
93206
93216
93282
93283
93286
93287
93288
93289
93290
93291
93292
93293
93315
93316
93334
93382
93383
93385
93387
93388
93420
93429
93432
93456
93459
93460
93462
93480
93501
93528
93538
93542
93543
93545
93547
93560
93561
93562
93563
93565
93592
93602
93636
93645
93646
93660
93682
93817
93863
93870
93873
93879
94039
94040
94041
94042
94043
94075
94122
94123
94153
94155
94313
94343
94344
94345
94367
94368
94398
94404
94424
94431
94454
94577
94599
94618
94631
94632
94635
94653
94663
94666
94688
94697
94704
94745
94784
94807
94829
94851
94856
94857
94862
94887
94888
94920
94986
94992
95000
95052
95080
95086
95100
95161
95182
95183
95237
95239
95254
95264
95270
95287
95299
95327
95350
95440
95443
95444
95469
95470
95563
95579
95597
95604
95635
95655
95697
95738
95767
95768
95813
95815
95816
95824
95834
95849
95856
95936
95948
95966
95980
95990
96033
96034
96036
96059
96069
96094
96114
96129
96209
96237
96262
96264
96265
96274
96295
96340
96342
96398
96418
96419
96429
96434
96437
96447
96454
96458
96526
96548
96559
96579
96589
96603
96628
96638
96641
96643
96660
96661
96666
96670
96688
96692
96701
96739
96742
96746
96750
96777
96790
96792
96793
96803
96810
96879
96899
96905
96913
96938
96967
96982
97012
97013
97018
97022
97132
97134
97136
97140
97143
97182
97267
97306
97308
97312
97317
97338
97342
97367
97404
97412
97423
97425
97435
97439
97444
97455
97458
97570
97729
97730
97733
97750
97752
97773
97791
97856
97864
97873
97895
97913
98031
98049
98052
98101
98102
98111
98218
98328
98331
99974
100410
100411
100413
100414
100415
100417
100418
100419
100420
100421
100422
100423
100424
100426
100430
100431
100432
100433
100434
100435
100436
100437
100438
100441
100444
100446
100447
100449
100450
100451
100454
100456
100457
100458
100459
100460
100461
100462
100463
100464
100465
100466
100467
100468
100469
100470
100471
100472
100473
100474
100475
100476
100477
100478
100479
100480
100482
100483
100484
100486
100526
100543
100566
100572
102315
103148
103165
103170
103175
103184
103199
103213
103218
103286
103287
103288
103317
103366
103388
103432
103437
103439
103440
103556
103580
103606
103674
103675
103693
103718
103721
103877
103878
103920
103935
103976
103980
103981
104029
104073
104176
104194
104195
104197
104213
104214
104226
104228
104244
104249
104254
104337
104353
105022
105023
105115
105117
105118
105119
105120
105121
105122
105123
105124
105125
105126
105963
105964
105965
105966
105967
105968
105972
105973
105974
105975
105977
105978
105980
105981
106361
106366
106372
106382
106392
106398
106400
106401
106411
106416
106417
106433
106517
106529
106602
106606
106617
106628
106633
106647
106652
106656
106748
106772
106848
106858
106877
106882
106894
106905
106943
106966
107002
107012
107176
107742
107759
107762
107772
107798
107852
107900
108002
108025
108057
108088
108090
108096
108118
108125
108129
108131
108173
108264
108277
108306
108341
108391
108392
108393
108394
108415
108424
108431
108447
108475
108479
108497
108503
108538
108577
108615
108618
108636
108682
108686
108695
108711
108717
108725
108730
108735
108742
108751
108755
108770
108792
108827
108828
108945
108962
108973
108984
109008
109043
109177
109178
109179
109181
109182
109183
109184
109185
109186
109189
109192
109194
109196
109197
109198
109200
109201
109202
109203
109204
109205
109206
109207
109208
109209
109210
109211
109212
109213
109214
109215
109216
109217
109218
109219
109220
109221
109222
109223
109224
109225
109226
109227
109228
109229
109230
109238
109242
109246
109249
109251
109255
109258
109275
109283
109305
109307
109308
109330
109332
109333
109346
109366
109388
109412
109501
109568
109583
109596
109625
109635
109662
109671
109696
109721
109804
109815
109858
109914
109962
109964
109981
109982
110020
110023
110028
110050
110066
110114
110136
110186
110220
110221
110273
110338
110344
110354
110357
110363
110364
110374
110379
110391
110393
110394
110400
110410
110417
110445
110447
110607
110618
110658
110660
110668
110689
110770
110776
110777
110778
110791
110811
110818
110884
110914
110939
110945
110952
110956
110974
111079
111092
111107
111112
111119
111156
111217
111219
111220
111221
111222
111230
111254
111329
111337
111340
111379
111418
111471
111494
111503
111522
111527
111544
111545
111567
111576
111582
111588
111651
111662
111672
111673
112049
112050
112051
112053
112055
112056
112057
112058
112059
112686
112707
112770
112782
112806
112836
112837
112844
112845
112847
112904
112930
113007
113112
113119
113166
113201
113203
113204
113209
113213
113264
113274
113286
113293
113316
113327
113421
113430
113431
113438
113473
113503
113516
113567
113590
113609
113702
113726
113730
113755
113756
113762
113767
113795
113846
113860
113863
113865
113868
113870
113871
113874
113875
113876
113877
113918
113925
113931
113986
114059
114060
114087
114088
114101
114102
114123
114132
114143
114144
114159
114216
114220
114221
114230
114243
114268
114271
114288
114290
114291
114292
114304
114318
114345
114371
114389
114396
114412
114423
114427
114437
114440
114468
114469
114476
114555
114574
114588
114604
114605
114625
114643
114653
114663
114713
114717
114719
114727
114729
114737
114757
114790
114869
114924
114925
114944
114948
114952
114964
114975
115046
115089
115093
115114
115116
115143
115147
115237
115244
115263
115268
115316
115336
115367
115368
115369
115562
115629
115632
115637
115645
115646
115662
115664
115667
115679
115680
115718
115745
115748
115920
115925
115929
115930
115935
115938
115964
115967
116002
116056
116099
116225
116227
116314
116317
116321
116364
116374
116399
116401
116402
116409
116476
116477
116490
116500
116509
116559
116561
116570
116590
116617
116631
128604
128605
128609
128614
128664
128808
128820
128837
128845
129187
129246
129247
129267
129280
129287
129299
129345
129435
129510
129511
129512
129577
129578
129605
129762
129771
129773
129779
129785
129793
129795
129844
129849
129880
129887
129898
129974
129982
130016
130022
130028
130091
130102
130157
130178
130190
130216
130298
130345
130346
130347
130356
130357
130379
130391
130398
130475
130520
130537
130588
130598
130624
130697
130800
130805
130817
130831
130832
130876
130881
130884
130891
130893
130906
130907
130966
130991
130993
130994
130999
131031
131035
131036
131064
131065
131093
131132
131135
131150
131158
131162
131178
131187
131212
131236
131237
131260
131262
131264
131265
131276
131300
131304
131315
131327
131334
131338
131439
131446
131447
131463
131475
131489
131500
131514
131515
131570
131571
131596
131611
131613
131654
131669
131671
131683
131690
131693
131694
131708
131724
131725
131741
131747
131748
131749
131766
131794
131818
131839
131843
131868
131908
132029
132066
132123
132261
132274
132276
132286
132288
132301
132327
132336
132354
132373
132384
132460
132514
132658
132704
132723
132815
132855
132856
132862
132864
132871
132894
132895
132898
132901
132902
132904
132905
132906
132909
132910
132914
132916
132918
132921
132924
132930
132931
132932
132942
132946
132995
132997
133016
133246
133270
133296
133310
133325
133420
133438
133443
133446
133494
133500
133503
133506
133523
133525
133527
133528
133529
133531
133532
133535
133539
133540
133546
133553
133556
133557
133566
133686
133694
133729
133872
133941
133989
134001
134002
134003
134006
134007
134023
134030
134036
134046
134060
134068
134072
134077
134078
134079
134080
134081
134082
134083
134084
134085
134086
134087
134088
134089
134090
134091
134092
134093
134094
134095
134096
134097
134098
134099
134100
134101
134102
134103
134104
134105
134106
134107
134108
134109
134110
134111
134112
134113
134114
134115
134116
134117
134118
134120
134121
134122
134123
134124
134125
134126
134127
134128
134129
134130
134131
134132
134133
134134
134135
134136
134137
134138
134139
134141
134142
134143
134144
134145
134146
134147
134148
134149
134150
134191
134286
134287
134292
134294
134299
134327
134372
134382
134384
134394
134397
134399
134400
134401
134402
134403
134408
134410
134470
134473
134475
134476
134477
134478
134479
134480
134483
134484
134487
134492
134494
134495
134496
134497
134498
134499
134500
134501
134502
134503
134504
134505
134506
134507
134508
134509
134510
134511
134513
134514
134516
134517
134518
134523
134534
134563
134564
134565
134566
134572
134575
134580
134595
134599
134629
134630
134633
134638
134643
134647
134652
134655
134659
134660
134663
134673
134676
134749
134750
134752
134758
134759
134760
134791
134819
134855
134891
134925
134968
135002
135003
135005
135006
135020
135024
135028
135042
135046
135049
135060
135069
135070
135075
135097
135137
135372
135380
135383
135404
135437
135479
135546
135550
135655
135679
135687
135688
135693
135717
135721
135726
135744
135749
135755
135773
135808
135818
136079
136097
136115
136136
136140
136284
136285
136295
136298
136318
136321
136325
136334
136338
136349
136351
136357
136358
136361
136364
136367
136369
136382
136387
136396
136400
136411
136427
136490
136515
136548
136588
136706
136810
136833
136847
136883
136885
136993
137056
137155
137165
137180
137293
137300
137368
137486
137487
137490
137495
137501
137503
137514
137517
137518
137531
137553
137555
137560
137599
137776
137785
137790
137797
137798
137820
137834
137848
137881
137896
137928
137947
138172
138195
138216
138219
138328
138393
138418
138437
138439
138443
138467
138477
138507
138508
138531
138552
138568
138572
138598
138741
138758
138763
138811
139067
139095
139407
139415
139496
139533
139596
139606
139759
139776
139790
139814
139838
139890
140185
140238
140471
140562
140576
140643
140709
140869
140968
140969
140979
141025
141034
141094
141136
141143
141286
141559
141561
141568
141586
141597
141600
141607
141612
141625
141634
141726
141749
141937
141958
142023
142218
142241
142246
142255
142288
142295
142410
142417
142526
142528
142529
142530
142538
142545
142547
142549
142554
142557
142560
142568
142572
142573
142574
142577
142582
142583
142597
142603
142628
142692
142730
142785
142823
142946
142988
143033
143145
143245
143334
143381
143513
143640
143662
143696
143705
143707
143821
143955
143964
143982
143988
144019
144129
144246
144525
144526
144529
144565
144727
144734
144740
144742
144757
144763
144764
144766
144798
144799
144806
144812
144816
144817
144826
144827
144828
144833
144837
144856
144870
144887
144900
145051
145166
145181
145196
145202
145212
145239
145470
145471
145474
145476
145478
145484
145489
145493
145496
145498
145503
145506
145508
145510
145513
145516
145517
145518
145523
145526
145527
145528
145536
145537
145540
145541
145545
145546
145555
145557
145559
145560
145562
145567
145569
145585
145587
145588
145609
145610
145622
145636
145695
145789
145812
146003
146024
146035
146039
146063
146065
146068
146072
146073
146074
146262
146267
146276
146279
146281
146282
146283
146284
146285
146289
146314
146315
146317
146321
146333
146336
146337
146338
146349
146350
146357
146360
146361
146365
146366
146368
146455
146800
146824
146825
146839
146864
146877
146921
146923
146926
147113
147128
147203
147227
147282
147468
147469
147470
147471
147472
147473
147474
147481
147515
147516
147517
147522
147527
147537
147540
147546
147767
147817
147940
148035
148043
148218
148230
148299
148334
148349
148355
148362
148392
148394
148398
148504
148508
148528
148573
148585
148592
148604
148617
148683
148684
148707
148715
148738
148798
148817
148821
148825
148832
148838
148849
148853
148965
148987
149060
149090
149091
149272
149287
149315
149382
149386
149388
149391
149393
149397
149402
149408
149412
149417
149426
149432
149439
149465
149468
149475
149477
149480
149481
149484
