10000
14
24
154
156
157
159
160
222
240
247
270
335
400
403
430
432
433
434
438
439
442
446
448
449
452
455
457
458
462
465
466
467
468
472
474
477
478
479
480
481
482
483
487
488
489
490
492
494
495
501
505
507
508
509
510
512
513
514
515
517
520
521
525
530
532
549
566
568
572
595
599
600
605
606
607
608
610
611
612
613
617
618
619
753
1529
1539
1542
1544
1545
1546
1553
1555
1556
1557
1559
1560
1564
1565
1567
1570
1574
1575
1578
1579
1580
1581
1583
1585
1588
1593
1594
1595
1597
1600
1602
1603
1607
1608
1610
1611
1614
1615
1617
1618
1619
1620
1623
1624
1625
1627
1630
1631
1633
1634
1635
1638
1639
1640
1641
1643
1645
1646
1647
1648
1649
1650
1651
1652
1653
1654
1655
1656
1657
1658
1660
1661
1662
1663
1664
1665
1667
1668
1669
1671
1672
1676
1677
1678
1679
1680
1681
1683
1684
1685
1686
1688
1689
1690
1691
1692
1693
1704
1707
1709
1710
1711
1712
1713
2175
2334
2440
2441
2442
2443
2444
2445
2446
2447
2448
2449
2450
2451
2452
2453
2454
2455
2456
2457
2458
2459
2460
2461
2462
2463
2464
2465
2466
2467
2468
2469
2470
2471
2472
2473
2474
2475
2476
2477
2478
2479
2480
2481
2482
2483
2484
2485
2486
2487
2488
2489
2490
2491
2492
2493
2494
2495
2496
2497
2498
2499
2500
2501
2502
2503
2504
2505
2506
2507
2508
2509
2510
2511
2512
2513
2514
2515
2516
2517
2518
2519
2520
2521
2522
2523
2524
2525
2526
2527
2528
2529
2530
2531
2532
2533
2534
2535
2536
2537
2538
2539
2540
2541
2542
2543
2544
2545
2546
2547
2548
2549
2550
2551
2552
2553
2554
2555
2556
2557
2558
2559
2560
2561
2562
2563
2564
2565
2566
2567
2568
2569
2570
2571
2572
2573
2574
2575
2576
2577
2578
2579
2580
2581
2582
2583
2584
2585
2586
2587
2588
2589
2590
2591
2592
2593
2594
2595
2596
2597
2598
2599
2600
2601
2602
2603
2604
2605
2606
2607
2608
2609
2610
2611
2612
2613
2614
2615
2616
2617
2618
2619
2620
2621
2622
2623
2624
2625
2626
2627
2628
2629
2630
2631
2632
2633
2634
2635
2636
2637
2638
2639
2640
2641
2642
2643
2644
2645
2646
2647
2648
2649
2650
2651
2652
2653
2654
2655
2656
2657
2658
2659
2660
2661
2662
2663
2664
2665
2666
2667
2668
2669
2670
2671
2672
2673
2674
2675
2676
2677
2678
2679
2680
2681
2682
2683
2684
2685
2686
2687
2688
2689
2690
2691
2692
2693
2694
2696
2697
2698
2699
2700
2702
2704
2722
2729
2731
2734
2739
2747
2749
2752
2761
2766
2768
2773
2799
2806
2811
2831
2845
2850
2851
2853
2857
2862
2877
2886
2890
2899
2908
2915
2918
2933
2949
2958
2982
2990
2997
3004
3010
3011
3026
3030
3047
3059
3073
3076
3088
3099
3108
3182
3614
3745
3749
3758
3760
3763
3765
3766
3768
3771
3773
3777
3778
3781
3784
3857
3869
7433
7471
7645
7649
7655
7656
7662
7663
7667
7674
7724
7727
7730
7733
7739
7740
7741
7742
7743
7744
7745
7746
7775
7824
7844
7845
7893
7896
7926
7927
7929
7933
7935
7937
7939
7940
7941
7942
7943
7944
7945
7946
7947
7949
7951
7952
7953
7954
7955
7956
7957
7958
7959
7960
7961
7962
7964
7965
7966
7967
7970
7971
7972
7973
7975
7976
7977
7978
7979
7981
7982
7983
7984
7985
7986
7987
7988
7990
7991
7992
7995
7997
7998
7999
8000
8001
8002
8004
8006
8008
8009
8010
8011
8012
8013
8014
8015
8017
8018
8019
8020
8021
8023
8029
8035
8037
8038
8040
8042
8043
8044
8045
8048
8053
8056
8102
8185
8186
8193
8338
8421
8638
8784
9601
9608
9609
9612
9626
9627
9628
9629
9630
9631
9632
9635
9636
9641
9657
9975
11512
11517
11519
11665
11828
11836
11841
11842
11848
11849
11865
11869
11875
11879
11883
11907
11924
11925
12131
12132
12422
12489
12501
12506
12526
12531
12554
12564
12721
12756
12826
12904
13116
13119
13123
13124
13126
13129
13131
13140
13206
13207
13212
13214
13217
13218
13221
13222
13227
13232
13240
13256
13258
13269
13288
13356
13427
13502
13545
13546
13547
13548
13549
13550
13551
13552
13553
13554
13555
13556
13557
13558
13559
13560
13561
13562
13563
13564
13565
13566
13567
13568
13569
13570
13571
13572
13573
13574
13575
13576
13577
13578
13579
13580
13581
13582
13583
13584
13585
13586
13587
13588
13589
13590
13591
13592
13593
13594
13595
13596
13597
13598
13599
13600
13601
13602
13603
13604
13605
13606
13607
13608
13609
13610
13611
13612
13613
13614
13615
13616
13617
13618
13619
13620
13621
13622
13623
13624
13625
13626
13627
13628
13629
13630
13631
13632
13633
13634
13635
13636
13637
13638
13639
13640
13641
13642
13643
13644
13645
13646
13647
13648
13649
13650
13651
13652
13653
13654
13655
13656
13657
13658
13659
13660
13661
13662
13663
13664
13665
13666
13667
13668
13669
13670
13671
13672
13673
13674
13675
13676
13677
13678
13679
13680
13681
13682
13683
13684
13685
13686
13687
13688
13689
13690
13691
13692
13693
13694
13695
13696
13697
13698
13699
13700
13701
13702
13703
13704
13705
13706
13707
13708
13709
13710
13711
13712
13713
13714
13715
13716
13717
13718
13719
13720
13721
13722
13723
13724
13725
13726
13727
13728
13729
13730
13731
13732
13733
13734
13735
13736
13737
13738
13739
13740
13741
13742
13743
13744
13745
13746
13747
13748
13749
13750
13751
13752
13753
15242
15247
15251
15256
15281
15284
15297
15318
15321
15384
15401
15449
15774
15778
15779
15780
15783
15786
15787
15788
15789
15791
15793
15794
15795
15796
15797
15798
15800
15801
15803
15804
15805
15806
15808
15809
15811
15812
15814
15815
15816
15817
15818
15820
15821
15822
15824
15827
15828
15829
15830
15831
15832
15834
15836
15838
15839
15840
15841
15842
15844
15845
15850
15851
15853
15854
15855
15856
15858
15861
15863
15865
15867
15868
15871
15873
15875
15878
15879
15880
15881
15882
15883
15884
15887
15889
15890
15891
15892
15893
15894
15895
15896
15902
15903
15904
15905
15906
15908
15909
15910
15911
15912
15913
15914
15917
15918
15920
15921
15922
15923
15924
15925
15926
15927
15928
15929
15930
15932
15933
15938
15939
15940
15941
15942
15943
15944
15946
15949
15951
15952
15953
15955
15960
15964
15965
15966
15968
15969
15971
15974
15975
15977
15978
15980
15981
15990
15991
15992
15993
15994
15995
15996
15998
15999
16000
16004
16008
16009
16010
16011
16012
16014
16015
16016
16019
16020
16022
16023
16024
16025
16027
16034
16038
16039
16042
16044
16045
16046
16052
16055
16056
16057
16059
16062
16066
16069
16071
16072
16074
16078
16082
16086
16089
16090
16091
16094
16097
16113
16133
16160
16169
16172
16188
16193
16200
16217
16234
16361
16545
16851
16857
16858
16859
16872
16877
16897
16904
16906
16911
16912
16923
16924
17371
17381
17398
17402
17410
17411
17442
17460
17465
17472
17478
17839
17888
17902
17903
17910
17947
17955
17956
17975
18353
18357
18360
18362
18363
18364
18365
18370
18372
18383
18385
18386
18387
18394
18398
18401
18403
18407
18410
18414
18415
18417
18428
18430
18431
18458
18460
18471
18487
18567
18580
18605
18610
18617
18698
18783
18930
19100
19103
19104
19180
19181
19224
19459
19460
19470
19472
19490
19497
19505
19541
19549
19631
19634
19697
19851
19953
20016
20205
20221
20234
20247
20249
20251
20329
20404
20502
20707
20711
20713
20733
20789
20818
21124
21208
21227
21471
21472
21473
21474
21475
21476
21477
21478
21479
21480
21482
21483
21485
21486
21487
21488
21489
21490
21491
21492
21493
21494
21495
21496
21497
21498
21499
21500
21501
21502
21503
21504
21505
21506
21508
21509
21510
21511
21512
21513
21514
21515
21516
21517
21518
21519
21520
21521
21522
21523
21524
21525
21526
21527
21528
21529
21530
21531
21532
21533
21534
21535
21537
21538
21539
21540
21541
21542
21543
21544
21545
21546
21547
21548
21549
21550
21551
21552
21553
21554
21555
21556
21557
21558
21559
21560
21561
21562
21563
21564
21565
21566
21567
21568
21569
21570
21571
21572
21573
21574
21575
21576
21577
21578
21579
21580
21581
21582
21583
21584
21585
21586
21587
21588
21589
21590
21591
21592
21593
21594
21595
21596
21597
21598
21599
21600
21601
21602
21603
21604
21605
21606
21607
21608
21609
21611
21612
21613
21614
21615
21616
21617
21618
21619
21620
21621
21622
21623
21625
21627
21628
21629
21630
21631
21632
21633
21634
21635
21636
21637
21638
21639
21640
21641
21642
21643
21645
21646
21647
21648
21649
21650
21651
21652
21653
21654
21655
21656
21657
21658
21660
21661
21662
21664
21665
21666
21667
21668
21669
21670
21671
21672
21673
21674
21675
21676
21677
21678
21679
21680
21681
21682
21683
21727
21728
21729
21730
21731
21732
21816
22122
22138
22145
22147
22167
22172
22185
22208
22305
22334
22371
22384
22599
22606
22609
22613
22859
22873
22942
22954
23014
23286
23347
23350
23364
23420
23548
23680
23691
23707
23741
23950
23975
23976
24318
24648
24660
24735
24743
24906
24919
25192
25203
25223
25500
25583
25613
25721
25926
25928
25931
25932
25940
25997
25998
26001
26114
26115
26453
26480
26515
26545
26623
26630
26664
26720
26745
26777
26820
26947
27006
27064
27085
27135
27192
27270
27362
27419
27426
27460
27511
27541
27549
27633
27640
27662
27694
27747
27790
27820
27833
27852
27860
27865
27922
27923
27924
27925
27926
27927
27928
27929
27930
27931
27932
27933
27934
27935
27936
27937
27938
27939
27940
27941
27942
27943
27944
27945
27946
27947
27948
27949
27950
27951
27952
27953
27954
27955
27956
27957
27958
27959
27960
27961
27962
27963
27964
27965
27966
27967
27968
27969
27970
27971
27972
27973
27974
27975
27976
27977
27978
27979
27980
27981
27982
27983
27984
27985
27986
27987
27988
27989
27990
27991
27992
27993
27994
27995
27996
27997
27998
27999
28000
28001
28002
28003
28004
28005
28006
28007
28008
28009
28010
28011
28012
28013
28014
28015
28016
28017
28018
28019
28020
28021
28022
28023
28024
28025
28026
28027
28028
28029
28030
28031
28032
28033
28034
28035
28036
28037
28038
28039
28040
28041
28042
28043
28044
28045
28046
28047
28048
28049
28050
28051
28052
28053
28054
28055
28056
28057
28058
28059
28060
28061
28062
28063
28064
28065
28066
28067
28068
28069
28070
28071
28072
28073
28074
28075
28076
28077
28078
28079
28080
28081
28082
28083
28084
28085
28086
28087
28088
28089
28090
28091
28092
28093
28094
28095
28096
28097
28098
28099
28100
28101
28102
28103
28104
28105
28106
28107
28108
28109
28110
28111
28112
28113
28114
28115
28116
28117
28118
28119
28120
28121
28122
28123
28124
28125
28126
28127
28128
28129
28130
28131
28132
28133
28134
28135
28136
28137
28138
28139
28140
28141
28142
28143
28144
28145
28146
28147
28148
28149
28150
28151
28152
28153
28154
28155
28156
28157
28158
28159
28160
28161
28162
28163
28164
28165
28166
28167
28168
28169
28170
28171
28172
28173
28174
28175
28176
28177
28178
28179
28180
28181
28406
28407
28408
28410
28411
28412
28413
28414
28415
28416
28417
28418
28419
28420
28421
28422
28423
28424
28425
28426
28427
28428
28429
28430
28431
28432
28433
28434
28435
28436
28437
28438
28439
28440
28441
28442
28443
28444
28445
28446
28447
28448
28449
28450
28451
28452
28453
28454
28455
28456
28457
28458
28459
28460
28461
28462
28463
28464
28465
28466
28467
28468
28469
28470
28471
28472
28473
28474
28475
28476
28477
28478
28479
28480
28481
28482
28483
28484
28485
28486
28487
28488
28489
28490
28491
28492
28493
28494
28495
28496
28497
28498
28499
28500
28501
28502
28503
28504
28505
28506
28507
28508
28509
28510
28511
28512
28513
28514
28515
28516
28517
28518
28519
28520
28521
28522
28523
28524
28525
28526
28527
28528
28529
28530
28531
28532
28533
28534
28535
28536
28537
28538
28539
28540
28541
28542
28543
28544
28545
28546
28547
28548
28549
28550
28551
28552
28553
28554
28555
28556
28557
28558
28559
28560
28561
28562
28563
28564
28565
28566
28567
28568
28569
28570
28571
28572
28573
28574
28575
28576
28577
28578
28579
28580
28581
28582
28583
28584
28585
28586
28587
28588
28589
28590
28591
28592
28593
28594
28595
28596
28597
28598
28599
28600
28601
28602
28603
28604
28605
28606
28607
28608
28609
28610
28611
28612
28613
28614
28615
28616
28617
28618
28619
28620
28621
28622
28623
28624
28625
28626
28627
28628
28629
28630
28631
28632
28633
28634
28635
28636
28690
28717
28718
28989
28993
28998
28999
29007
29015
29267
29279
29290
29555
29560
29561
29574
29578
29583
29619
29627
29632
29641
29643
29647
29648
29696
29701
29707
29719
29763
29778
29848
29975
29986
30000
30171
30176
30235
30531
30544
30632
30633
30634
30648
30649
30865
30909
30930
31193
31205
31476
31518
31529
31787
31802
31809
32094
32096
32098
32209
32298
32307
32361
32527
32541
32777
32833
32856
32875
32898
32935
32979
33031
33057
33095
33119
33186
33193
33210
33232
33240
33291
33335
33345
33371
33379
33398
33456
33477
33478
33547
33584
33598
33608
33622
33645
33674
33680
33694
33732
33746
33796
33801
33835
33842
33848
33855
33876
33964
33973
33979
33996
34014
34097
34233
34380
34381
34382
34383
34384
34385
34386
34387
34388
34389
34390
34391
34392
34393
34394
34395
34396
34397
34398
34399
34400
34401
34402
34403
34404
34405
34406
34407
34408
34409
34410
34411
34412
34413
34414
34415
34416
34417
34418
34419
34420
34421
34422
34423
34424
34425
34426
34427
34428
34429
34430
34431
34432
34433
34434
34435
34436
34437
34438
34439
34440
34441
34442
34443
34444
34445
34446
34447
34448
34449
34450
34451
34452
34453
34454
34455
34456
34457
34458
34459
34460
34461
34462
34463
34464
34465
34466
34467
34468
34469
34470
34471
34472
34473
34474
34475
34476
34477
34478
34479
34480
34481
34482
34483
34484
34485
34486
34487
34488
34489
34490
34491
34492
34493
34494
34495
34496
34497
34498
34499
34500
34501
34502
34503
34504
34505
34506
34507
34508
34509
34510
34511
34512
34513
34514
34515
34516
34517
34518
34519
34520
34521
34522
34523
34524
34525
34526
34527
34528
34529
34530
34531
34532
34533
34534
34535
34536
34537
34538
34539
34540
34541
34542
34543
34544
34545
34546
34547
34548
34549
34550
34551
34552
34553
34554
34555
34556
34557
34558
34559
34560
34561
34562
34563
34564
34565
34566
34567
34568
34569
34570
34571
34572
34573
34574
34575
34576
34577
34578
34579
34580
34605
34675
34688
34843
34927
34928
34929
34930
34931
34932
34933
34934
34935
34936
34937
34938
34939
34941
34942
34943
34944
34945
34946
34947
34948
34949
34950
34951
34952
34953
34954
34955
34956
34957
34958
34959
34960
34961
34964
34965
34966
34967
34968
34970
34971
34972
34973
34974
34975
34976
34979
34980
35064
35297
35298
35344
35362
35459
35469
35473
35562
35692
35900
35904
36242
36461
36482
36609
36946
37228
37479
37694
37698
37699
38207
38216
38261
38313
38357
38392
38407
38439
38466
38495
38533
38556
38573
38590
38605
38662
38688
38694
38710
38735
38763
38773
38817
38826
38844
38863
38913
38935
38977
39047
39101
39109
39144
39287
39305
39311
39337
39362
39382
39390
39424
39430
39454
39601
39646
39765
39858
39864
39919
39934
39939
39980
40016
40229
40230
40231
40232
40233
40234
40235
40236
40237
40238
40239
40240
40241
40242
40243
40244
40245
40246
40247
40248
40249
40250
40251
40252
40253
40254
40255
40256
40257
40258
40259
40260
40261
40262
40263
40264
40265
40266
40267
40268
40269
40270
40271
40272
40273
40274
40275
40276
40277
40278
40279
40280
40281
40282
40283
40284
40285
40286
40287
40288
40289
40290
40291
40292
40293
40294
40295
40296
40297
40298
40299
40300
40301
40302
40303
40304
40305
40306
40307
40308
40309
40310
40311
40312
40313
40314
40315
40316
40317
40318
40319
40320
40321
40322
40323
40324
40325
40326
40327
40328
40329
40330
40331
40332
40333
40334
40335
40336
40337
40338
40339
40340
40341
40342
40343
40344
40345
40346
40347
40348
40349
40350
40351
40352
40353
40354
40355
40356
40357
40358
40359
40360
40361
40362
40363
40364
40365
40366
40367
40368
40369
40370
40371
40372
40373
40374
40375
40376
40377
40378
40379
40380
40381
40382
40383
40384
40385
40386
40387
40388
40389
40390
40391
40392
40393
40394
40395
40396
40397
40398
40399
40400
40401
40402
40403
40404
40405
40406
40407
40408
40409
40410
40411
40412
40413
40414
40415
40416
40417
40418
40419
40420
40421
40422
40423
40424
40425
40426
40427
40428
40429
40430
40431
40432
40433
40434
40435
40436
40437
40438
40439
40440
40441
40442
40443
40444
40445
40446
40447
40448
40449
40450
40451
40452
40453
40454
40455
40456
40457
40458
40459
40460
40461
40462
40463
40464
40465
40466
40467
40468
40469
40470
40471
40472
40473
40474
40475
40476
40477
40478
40479
40480
40481
40482
40483
40484
40485
40486
40487
40488
40489
40490
40491
40492
40493
40494
40495
40496
40497
40980
40982
40983
40985
40986
40987
41013
41021
41024
41124
41616
41624
41633
41635
41667
41694
42069
42076
42243
42702
43093
43240
43350
43469
43792
43801
44393
44399
44401
44414
44447
44463
44468
44474
44518
44530
44613
44636
44653
44685
44706
44714
44732
44739
44766
44798
44809
44835
44836
44893
44920
44951
44990
45008
45048
45076
45088
45122
45166
45174
45175
45190
45196
45224
45300
45326
45344
45394
45471
45482
45492
45557
45598
45646
45815
45816
45876
45885
45938
45939
45987
45988
46045
46126
46142
46169
46192
46235
46240
46248
47423
47479
47510
47900
47911
47931
47995
48013
48045
48375
49031
49033
49218
49222
49276
49462
49712
50128
50421
50422
50591
50651
50787
50863
50896
50917
50970
50981
51000
51012
51121
51209
51263
51324
51388
51436
51484
51519
51538
51541
51601
51632
51666
51716
51727
51738
51766
51981
52027
52070
52077
52104
52150
52152
52161
52179
52193
52442
52443
52444
52445
52446
52447
52448
52449
52450
52451
52452
52453
52454
52455
52456
52457
52458
52459
52460
52461
52462
52463
52464
52465
52466
52467
52468
52469
52470
52471
52472
52473
52474
52475
52476
52477
52478
52479
52480
52481
52482
52483
52484
52485
52486
52487
52488
52489
52490
52491
52492
52493
52494
52495
52496
52497
52498
52499
52500
52501
52502
52503
52504
52505
52506
52507
52508
52509
52510
52511
52512
52513
52514
52515
52516
52517
52518
52519
52520
52521
52522
52523
52524
52525
52526
52527
52528
52529
52530
52531
52532
52533
52534
52535
52536
52537
52538
52539
52540
52541
52542
52543
52544
52545
52546
52547
52548
52549
52550
52551
52552
52553
52554
52555
52556
52557
52558
52559
52560
52561
52562
52563
52564
52565
52566
52567
52568
52569
52570
52571
52572
52573
52574
52575
52576
52577
52578
52579
52580
52581
52582
52583
52584
52585
52586
52587
52588
52589
52590
52591
52592
52593
52594
52595
52596
52597
52598
52599
52600
52601
52602
52603
52604
52605
52606
52607
52608
52609
52610
52611
52612
52613
52614
52615
52616
52617
52618
52619
52620
52621
52622
52623
52624
52625
52626
52627
52628
52629
52630
52631
52632
52633
52634
52635
52636
52637
52638
52639
52640
52641
52642
52643
52644
52645
52646
52647
52648
52649
52650
52651
52652
52653
52654
52655
52656
52657
52658
52659
52660
52661
52662
52663
52664
52665
52666
52667
52668
52669
52670
52671
52672
52673
52674
52675
52676
52677
52678
52679
52680
52681
52682
52683
52684
52685
52686
52687
52688
53367
53409
53467
53499
53692
53917
53932
54487
54728
54746
54963
54992
55116
55172
55558
55560
55777
56356
56572
56614
56881
56903
56911
56935
56936
56937
56971
57027
57104
57190
57336
57337
57451
57492
57567
57669
57708
57711
57804
57952
58008
60126
60147
60332
60378
61001
61391
61479
61620
61932
61942
62333
62680
63034
63087
63131
63184
63206
63323
63558
63613
63695
63743
63777
63850
64030
64043
64114
64147
64159
64196
64268
64297
64304
64355
64390
64408
66046
66047
66048
66049
66050
66051
66052
66053
66054
66055
66056
66057
66058
66059
66060
66061
66062
66063
66064
66065
66066
66067
66068
66069
66070
66071
66072
66073
66074
66075
66076
66077
66078
66079
66080
66081
66082
66083
66084
66085
66086
66087
66088
66089
66090
66091
66092
66093
66094
66095
66096
66097
66098
66099
66100
66101
66102
66103
66104
66105
66106
66107
66108
66109
66110
66111
66112
66113
66114
66115
66116
66117
66118
66119
66120
66121
66122
66123
66124
66125
66126
66127
66128
66129
66130
66131
66132
66133
66134
66135
66136
66137
66138
66139
66140
66141
66142
66143
66144
66145
66146
66147
66148
66149
66150
66151
66152
66153
66154
66155
66156
66157
66158
66159
66160
66161
66162
66163
66164
66165
66166
66167
66168
66169
66170
66171
66172
66173
66174
66175
66176
66177
66178
66179
66180
66181
66182
66183
66184
66185
66186
66187
66188
66189
66190
66191
66192
66193
66194
66195
66196
66197
66198
66199
66200
66201
66202
66203
66204
66205
66206
66207
66208
66209
66210
66211
66212
66213
66214
66215
66216
66217
66218
66219
66220
66221
66222
66223
66224
66225
66226
66227
66228
66229
66230
66231
66232
66233
66234
66235
66236
66237
66238
66239
66240
66241
66242
66243
66244
66245
66246
66247
66248
66249
66250
66251
66252
66253
66254
66255
66256
66257
66258
66259
66260
66261
66262
66263
66264
66265
66266
66267
66268
66269
66270
66271
66272
66273
66274
66275
66276
66277
66278
66279
66280
66281
66282
66283
66284
66285
66286
66287
66288
66289
66290
66291
66504
66850
66854
67460
67856
67911
68059
68708
69156
69395
69485
69498
69587
69816
70005
70061
70137
70181
70208
70259
70368
70625
70777
70844
71060
71098
71245
71406
71641
71642
71703
71797
71881
72387
72425
72426
72468
72780
72793
72794
73696
73716
73889
74851
75017
75152
75287
75433
75497
75506
75512
76030
76395
76478
76808
76906
76958
76980
77166
77307
77377
77627
77760
78145
78209
78420
78531
78613
78629
78654
78655
78666
78780
78869
79034
79099
80619
80726
80748
80850
80953
81141
81258
81276
81374
81837
81965
82112
82269
82345
83099
84207
85556
85557
85822
85916
85917
85918
85919
85920
85922
86047
86359
86389
87467
87718
87720
87799
88829
89247
89917
90205
90235
90245
90277
90280
90281
90282
90284
90285
90286
90287
90288
90289
90291
90294
90300
90479
90487
90488
90517
91098
91279
91799
91800
92004
92005
92008
92009
92059
92189
92240
92393
92394
92395
92482
92660
92707
92721
92967
92968
94118
95737
95839
95844
95875
96143
96144
96145
96146
96624
97198
97201
97403
97727
98100
98193
98691
98694
98717
98719
98723
98724
98726
98728
98729
98730
98732
98733
98734
98736
98737
98740
98744
98752
98754
98755
98761
100608
100610
100612
100613
100614
100617
100618
100620
100621
100624
100625
100626
100631
100632
100633
100634
100636
100637
100638
100639
100640
100641
100642
100644
100645
100646
100648
100649
100650
100652
100653
100654
100810
100836
102435
102436
102437
102438
102439
102441
102443
102444
102446
102448
102451
102461
102462
102463
102464
102465
102467
102468
102469
102470
102471
102472
102474
102476
102477
102478
102481
102535
102536
102537
102538
102540
102544
102545
103124
103173
103230
103232
103236
103500
103738
103991
103992
103993
103994
103998
104256
104258
104259
104491
104492
104493
104494
104495
104496
104497
104498
104499
104500
104501
104502
104503
104504
104505
104506
104507
104508
104509
104511
104512
104513
105152
105153
106089
106090
106091
106092
106093
106094
106095
106096
106097
106098
106099
106100
106101
106121
106122
106123
106124
106125
106126
106127
106128
106129
106130
106131
106133
106134
106437
106871
107722
108016
108688
109341
109348
109700
109705
109706
110085
110089
110093
110096
110333
110487
110489
110490
110491
110493
110494
110495
110841
110853
111062
111191
111468
111595
111598
112082
112084
112086
112092
112096
112097
112098
112100
112101
112102
112103
112104
112105
112106
112108
112110
112112
112113
112114
112438
112439
112440
112857
112858
112860
112862
112864
113175
113502
113504
113716
113830
113831
113833
114063
114163
114164
114169
114170
114406
114500
114501
114502
115183
115187
115188
115190
115191
115871
116259
116282
116283
116287
116309
116322
116414
116428
116430
116461
116462
116472
116474
116475
128719
128721
128722
128723
128724
128761
128774
128776
128778
128786
129394
129397
129398
129399
129400
129401
129405
129916
129917
129921
129923
129924
129925
129927
130302
130484
130485
130577
131442
131622
131627
132028
132047
132235
132238
132239
132269
132685
134025
134256
134257
134260
134965
135551
135552
136094
136304
136339
136340
136355
136368
136394
136397
136409
136414
136508
136822
137485
137678
137679
138918
139073
139598
139602
139603
139604
139605
139607
139608
139740
140132
140182
140343
140346
140920
141019
141723
142414
143140
143143
143144
143149
143661
143732
143820
143828
143829
144643
144647
144656
145357
145795
146148
146154
146155
146929
147485
147632
147640
148459
148461
148467
148807
148811
148834
148848
149276
149283
149297
149351
149358
149360
149361
149362
149370
149387
149515
149758
149759
150293
150296
150299
150350
150351
150352
150924
151890
151904
153623
153668
153824
153829
153839
153843
155908
156067
156780
158179
161386
161391
161392
161395
161396
161397
161400
161528
162616
162774
163613
163629
163633
163667
163817
164032
164058
164060
164095
164117
164199
164206
164227
164232
164236
164246
164249
164294
164295
164302
164341
164365
164380
164381
164391
164392
164419
164431
164472
165243
165244
165245
165246
165247
165248
165249
165250
165251
165252
165253
165254
165255
165256
165257
165258
165259
165260
165261
165262
165263
165264
165265
165266
165267
165268
165269
165270
165271
165272
165273
165274
165275
165276
165277
165278
165279
165280
165281
165282
165283
165284
165285
165286
165287
165288
165289
165290
165291
165292
165293
165294
165295
165296
165297
165298
165299
165300
165301
165302
165303
165304
165305
165306
165307
165308
165319
165324
165325
165326
165327
165328
165329
165330
165331
165332
165333
165334
165335
165336
165337
165338
165339
165340
165341
165342
165343
165344
165345
165346
165347
165348
165349
165350
165351
165352
165353
165354
165355
165356
165357
165358
165359
165360
165361
165362
165363
165364
165365
165366
165367
165368
165369
165370
165371
165372
165373
165374
165375
165376
165377
165378
165379
165380
165381
165382
165383
165384
165385
165386
165387
165388
165389
165390
165391
165392
165393
165394
165395
165396
165397
165398
165400
165402
165404
165406
165407
165409
165410
165414
165416
165417
165419
165420
165421
165423
165428
165430
165433
165434
165436
165437
165442
165443
165449
165457
165458
165460
165461
165462
165463
165464
165465
165466
165467
165468
165469
165470
165471
165472
165473
165474
165475
165476
165477
165478
165479
165480
165481
165482
165483
165484
165485
165486
165487
165488
165489
165490
165491
165492
165493
165494
165495
165496
165497
165498
165499
165500
165501
165502
165503
165504
165505
165506
165507
165508
165509
165510
165511
165512
165513
165514
165515
165516
165517
165518
165519
165520
165521
165522
165523
165524
165525
165526
165527
165528
165529
165530
165531
165532
165533
165534
165535
165536
165537
165538
165539
165540
165541
165542
165543
165544
165545
165546
165547
165548
165549
165550
165551
165552
165553
165554
165555
165556
165557
165558
165559
165560
165561
165562
165563
165564
165565
165566
165608
165642
165644
165645
165646
165647
165649
165650
165651
165652
165653
165656
165657
165658
165660
165665
165666
165667
165668
165669
165670
165671
165672
165673
165675
165676
165677
165678
165680
165681
165682
165683
165684
165686
165687
165688
165689
165690
165691
165692
165693
165694
165695
165696
165697
165698
165702
165703
165704
165959
165960
165961
165962
165964
165965
165966
165967
165968
165970
165971
165972
165973
165974
165977
165979
165980
165981
165982
165983
165984
165985
165987
165988
165989
165990
165991
165993
165994
165995
165996
165998
165999
166000
166001
166005
166007
166009
166010
166011
166012
166013
166014
166015
169627
169628
169629
169632
169634
169635
169636
169638
169639
169640
169641
169642
169643
169644
169646
169648
169649
169651
169652
169653
169654
169664
169665
169666
169667
169668
169669
169670
169671
169672
169673
169674
169675
169676
169677
169678
169679
169680
169681
169682
169683
169684
169685
169687
169688
169689
169690
169691
169692
169693
169694
169695
169696
169697
169698
169699
169700
169701
169703
169704
169705
169706
169707
169709
169710
169711
169712
169713
169714
169716
169717
169718
169719
169720
169721
169723
169724
169725
169726
169727
169728
169729
169730
169731
169732
169733
169734
169735
169736
169737
169738
169739
169740
169741
169742
169743
169744
169745
169746
169747
169748
169749
169750
169751
169752
169753
169754
169755
169756
169757
169758
169759
169760
169761
169762
169763
169764
169765
169766
169767
169768
169769
169770
169771
169772
169773
169774
169775
169776
169777
169778
169779
169780
169781
169782
169783
169784
169785
169786
169787
169788
169789
169790
169791
169792
169797
169798
169799
169800
169801
169802
169803
169804
169805
169806
169807
169808
169809
169810
169811
169812
169813
169814
169815
169816
169817
169818
169819
169820
169821
169822
169823
169824
169825
169826
169827
169828
169866
169867
169868
169869
169870
169871
169872
169873
169874
169875
169876
169877
169878
169879
169880
169881
169882
169883
169884
169885
169886
169887
169888
169889
169890
169891
169892
169894
169895
169896
169897
169898
169899
169900
169901
169902
169903
169904
169905
169906
169907
169908
169909
169910
169911
169912
169913
169914
169915
169916
169917
169918
169919
169920
169921
169922
169923
169924
169925
169926
169927
169928
169929
169930
169931
169932
169933
169934
169935
169936
169937
169938
169939
169940
169941
169942
169943
169944
169945
169946
169947
169948
169949
169950
169951
169952
169953
169954
169955
169956
169957
169958
169959
169960
169961
169962
169963
169964
169965
169966
169967
169968
169969
169970
169971
169972
169973
169974
169975
169976
169977
169978
169979
169980
169981
169982
169983
169984
169985
169986
169987
169988
169989
169990
169991
169992
169993
169994
169995
169996
169997
169998
169999
170000
170001
170002
170003
170004
170005
170006
170007
170008
170009
170010
170011
170012
170013
170014
170015
170016
170017
170018
170019
170020
170022
170023
170024
170025
170026
170027
170028
170029
170030
170031
170032
170033
170034
170035
170036
170037
170038
170039
170040
170041
170042
170043
170044
170045
170046
170047
170048
170049
170050
170051
170052
170053
170054
170055
170056
170057
170058
170059
170061
170062
170063
170064
170065
170066
170068
170069
170070
170071
170072
170073
170074
170075
170076
170077
170078
170079
170080
170081
170082
170083
170084
170085
170086
170089
170090
170091
170092
170093
170094
170095
170100
170101
170102
170105
170107
170109
170110
170111
170112
170114
170115
170116
170117
170120
170122
170123
170125
170128
170130
170132
170133
170134
170135
170136
170137
170138
170140
170141
170143
170145
170149
170177
170178
170183
170202
170203
170204
170205
170206
170207
170208
170209
170210
170211
170212
170213
170214
170215
170216
170217
170218
170219
170220
170221
170222
170223
170224
170225
170226
170227
170229
170230
170231
170232
170233
170234
170235
170236
170237
170238
170239
170240
170241
170242
170243
170244
170245
170246
170247
170248
170249
170250
170251
170252
170253
170254
170255
170256
170257
170258
170259
170260
170261
170262
170263
170264
170265
170266
170267
170268
170269
170270
170271
170272
170273
170274
170275
170276
170277
170278
170279
170280
170281
170282
170283
170284
170285
170286
170287
170288
170289
170291
170292
170293
170294
170295
170296
170297
170298
170299
170300
170301
170302
170303
170304
170305
170306
170307
170308
170309
170310
170311
170312
170313
170314
170315
170316
170317
170318
170319
170320
170321
170322
170323
170324
170325
170326
170327
170328
170329
170330
170331
170332
170333
170334
170335
170336
170337
170338
170339
170340
170341
170342
170343
170344
170345
170346
170347
170348
170349
170350
170351
170352
170353
170354
170355
170356
170357
170358
170359
170360
170361
170362
170363
170364
170365
170366
170367
170368
170369
170370
170371
170372
170373
170374
170375
170376
170377
170378
170379
170380
170381
170382
170383
170384
170385
170386
170387
170388
170389
170390
170391
170392
170393
170394
170395
170396
170397
170398
170399
170400
170401
170402
170403
170404
170405
170406
170407
170408
170409
170410
170411
170412
170413
170414
170415
170416
170417
170418
170419
170420
170421
170422
170423
170424
170425
170426
170427
170428
170429
170430
170431
170432
170433
170434
170435
170436
170437
170438
170439
170440
170441
170442
170443
170444
170445
170446
170447
170448
170449
170450
170451
170452
170453
170454
170455
170456
170457
170458
170459
170460
170461
170462
170463
170464
170465
170466
170467
170468
170469
170470
170473
170474
170475
170476
170477
170478
170479
170480
170481
170482
170483
170484
170485
170486
170487
170488
170489
170490
170491
170492
170493
170494
170495
170496
170497
170498
170499
170500
170501
170502
170503
170504
170505
170506
170507
170508
170509
170510
170512
170513
170514
170515
170516
170517
170518
170519
170520
170521
170522
170523
170524
170525
170526
170527
170528
170529
170530
170531
170532
170533
170534
170535
170536
170537
170538
170539
170540
170541
170542
170543
170544
170545
170546
170547
170548
170549
170550
170551
170552
170553
170554
170555
170556
170557
170558
170559
170560
170561
170562
170563
170564
170565
170566
170567
170575
170582
170583
170588
170591
170594
170624
170625
170626
170627
170628
170629
170630
170631
170632
170633
170634
170635
170636
170637
170638
170639
170640
170641
170642
170643
170645
170646
170647
170648
170649
170650
170651
170652
170653
170654
170655
170656
170657
170658
170659
170660
170661
170662
170663
170664
170665
170666
170667
170668
170669
170670
170671
170672
170673
170674
170675
170676
170677
170678
170679
170680
170681
170682
170683
170684
170685
170686
170687
170688
170689
170690
170691
170692
170693
170694
170695
170696
170697
170698
170699
170700
170701
170702
170703
170704
170705
170706
170707
170708
170709
170710
170711
170712
170713
170714
170715
170716
170717
170718
170719
170720
170721
170722
170723
170732
170777
170778
170779
170780
170781
170782
170783
170784
170785
170786
170787
170788
170789
170790
170791
170792
170793
170794
170795
170796
170797
170798
170799
170800
170801
170802
170803
170804
170805
170806
170807
170808
170809
170810
170811
170812
170813
170814
170815
170816
170817
170818
170819
170820
170821
170822
170823
170824
170825
170826
170827
170829
170830
170831
170832
170833
170834
170835
170836
170837
170838
170839
170840
170841
170842
170843
170844
170845
170846
170847
170848
170849
170850
170851
170852
170853
170854
170855
170856
170857
170858
170859
170860
170861
170862
170863
170864
170865
170866
170867
170868
170869
170881
170892
170950
170951
170952
170953
170954
170955
170956
170957
170958
170959
170960
170961
170962
170963
170964
170965
170966
170967
170968
170969
170970
170971
170972
170973
170974
170975
170976
170977
170978
170979
170981
170982
170983
170984
170985
170986
170988
170989
170990
170991
170992
170993
170994
170995
170997
170998
170999
171000
171001
171002
171003
171004
171005
171006
171007
171008
171009
171010
171011
171012
171013
171014
171015
171016
171017
171018
171019
171020
171021
171022
171023
171024
171025
171026
171027
171028
171029
171030
171031
171032
171033
171034
171035
171036
171037
171038
171039
171040
171041
171042
171043
171044
171045
171046
171047
171048
171049
171050
171051
171052
171053
171054
171055
171056
171057
171058
171059
171060
171061
171062
171063
171064
171065
171066
171067
171068
171069
171070
171071
171072
171073
171074
171075
171076
171077
171078
171079
171080
171081
171082
171083
171084
171085
171086
171087
171088
171089
171090
171091
171092
171093
171094
171095
171096
171097
171098
171099
171100
171101
171102
171103
171104
171105
171106
171107
171108
171109
171110
171111
171112
171113
171114
171151
171153
171154
171155
171156
171157
171158
171159
171160
171161
171162
171163
171164
171165
171166
171167
171168
171169
171170
171171
171172
171173
171174
171175
171176
171178
171179
171180
171181
171182
171183
171184
171185
171186
171187
171188
171189
171190
171191
171192
171193
171194
171195
171196
171197
171198
171199
171200
171202
171203
171204
171205
171206
171207
171208
171209
171210
171211
171212
171214
171215
171216
171217
171223
171224
171226
171227
171228
171229
171231
171232
171233
171234
171236
171237
171238
171239
171240
171241
171242
171243
171244
171246
171247
171248
171250
171252
171255
171257
171260
171261
171262
171263
171264
171265
171266
171267
171268
171269
171270
171271
171272
171273
171275
171276
171277
171279
171282
171283
171284
171285
171286
171287
171289
171290
171291
171292
171293
171294
171295
171296
171297
171298
171299
171300
171301
171302
171303
171304
171305
171306
171307
171308
171309
171310
171311
171312
171313
171314
171315
171316
171317
171318
171319
171320
171321
171322
171323
171324
171325
171326
171327
171328
171329
171330
171331
171332
171333
171334
171335
171336
171337
171338
171339
171340
171341
171342
171343
171344
171345
171346
171347
171348
171349
171350
171351
171352
171353
171354
171355
171356
171357
171358
171359
171360
171361
171362
171363
171364
171365
171366
171367
171368
171369
171370
171371
171372
171373
171374
171375
171376
171377
171378
171379
171380
171381
171382
171383
171384
171385
171386
171387
171388
171389
171390
171391
171392
171393
171394
171395
171396
171398
171399
171400
171401
171402
171403
171404
171405
171406
171407
171408
171409
171410
171411
171412
171413
171414
171415
171416
171417
171418
171419
171420
171421
171422
171423
171424
171425
171426
171427
171428
171429
171430
171431
171432
171433
171434
171435
171436
171438
171439
171440
171441
171442
171443
171444
171445
171446
171447
171448
171449
171450
171451
171452
171453
171454
171455
171456
171457
171458
171459
171460
171461
171462
171463
171464
171465
171466
171467
171468
171469
171470
171471
171472
171473
171474
171475
171476
171477
171478
171506
171518
171522
171531
171532
171533
171534
171535
171536
171537
171538
171539
171540
171541
171542
171543
171544
171545
171546
171547
171548
171549
171550
171551
171552
171553
171554
171555
171556
171557
171558
171559
171560
171562
171563
171564
171565
171566
171567
171568
171569
171570
171571
171572
171573
171574
171575
171576
171577
171578
171579
171580
171581
171582
171583
171584
171585
171586
171587
171588
171589
171590
171591
171592
171593
171594
171595
171596
171597
171598
171599
171600
171601
171602
171612
171619
171625
171629
171643
171644
171681
171682
171683
171684
171685
171686
171687
171688
171689
171690
171691
171692
171693
171694
171695
171696
171697
171698
171699
171700
171701
171702
171703
171704
171705
171706
171707
171708
171709
171710
171711
171712
171713
171714
171716
171717
171718
171719
171720
171721
171722
171723
171724
171725
171726
171727
171728
171729
171730
171731
171732
171733
171734
171735
171736
171737
171738
171739
171740
171741
171742
171743
171744
171745
171746
171747
171748
171749
171750
171751
171752
171753
171754
171755
171756
171757
188196
188198
188783
188784
188785
188786
188787
188788
188789
188790
188791
188793
188794
188796
188797
188798
188812
192353
194596
194697
194714
194715
194733
194736
194743
194753
194754
194762
194768
194777
194778
194781
194786
194822
194828
194832
194853
194854
194862
194866
194869
194870
194873
194875
194881
194885
194890
194900
194904
194915
194936
194937
194944
194946
194949
194950
194964
194968
194979
194980
194982
194995
195015
195030
195036
195038
195049
195058
195059
195062
195066
195075
195088
195100
195101
195110
195137
195143
195144
195147
195148
195149
195160
195161
195175
195180
195183
195196
195198
195199
195200
195202
195203
195208
195218
195228
195233
195242
195251
195252
195269
195283
195307
195312
195341
195350
195384
195385
195387
195398
195426
195436
195437
195442
195444
195446
195460
195462
195465
195476
195478
195480
195486
195499
195504
195505
195512
195514
195526
195529
195530
195532
195538
195550
195554
195556
195557
195561
195574
195587
195591
195613
195616
195619
195644
195647
195652
195654
195663
195667
195675
195677
195679
195682
195698
195703
195704
195705
195706
195707
195710
195715
195722
195723
195725
195726
195732
195741
195749
195751
195752
195758
195761
195771
195772
195794
195797
195803
195811
195813
195819
195825
195829
195843
195844
195850
195858
195862
195863
195865
195877
195878
195883
195886
195888
195895
195896
195903
195907
195909
195912
195913
195915
195916
195929
195937
195938
195940
195941
195942
195955
195969
195972
195992
195993
195999
196007
196009
196014
196023
196025
196035
196038
196040
196053
196055
196059
196074
196078
196084
196086
196090
196103
196104
196105
196110
196120
196125
196140
196141
196149
196163
196166
196196
196201
196207
196209
196211
196212
196213
196215
196239
196244
196249
196256
196257
196258
196262
196267
196269
196279
196282
196283
196300
196304
196312
196313
196321
196325
196327
196328
196329
196345
196348
196349
196351
196356
196362
196363
196364
196366
196368
196373
196377
196384
196405
196409
196417
196421
196426
196433
196434
196435
196440
196444
196450
196455
196477
196483
196495
196498
196499
196508
196511
196512
196513
196516
196520
196540
196543
196544
196546
196554
196558
196560
196565
196567
196568
196575
196578
196580
196581
196583
196594
196604
196612
196614
196630
196637
196639
196641
196645
196646
196654
196670
196671
196672
196674
196677
196680
196681
196683
196687
196693
196702
196708
196718
196724
196725
196738
196742
196745
196746
196755
196756
196764
196770
196777
196781
196787
196789
196790
196797
196800
196813
196814
196819
196820
196828
196838
196847
196848
196854
196862
196869
196879
196880
196881
196882
196883
196884
196890
196891
196896
196897
196907
196910
196936
196941
196944
196950
196951
196971
196974
196987
196992
196993
196998
196999
197005
197017
197018
197023
197029
197037
197039
197052
197053
197056
197057
197060
197063
197064
197066
197068
197069
197075
197076
197078
197083
197092
197093
197097
197098
197100
197102
197103
197106
197112
197120
197127
197131
197135
197154
197163
197165
197167
197171
197178
197179
197180
197188
197190
197198
197203
197204
197206
197210
197215
197226
197228
197233
197243
197248
197254
197262
197266
197268
197272
197275
197280
197284
197286
197287
197293
197297
197301
197312
197317
197328
197329
197330
197339
197342
197349
197357
197361
197387
197391
197396
197397
197403
197416
197430
197435
197449
197471
197485
197487
197489
197495
197499
197509
197510
197518
197533
197536
197541
197545
197549
197555
197568
197569
197570
197574
197576
197578
197581
197588
197603
197616
197621
197625
197626
197627
197640
197642
197643
197655
197661
197669
197676
197677
197685
197694
197696
197707
197708
197709
197715
197716
197718
197721
197729
197735
197736
197741
197774
197777
197783
197787
197789
197791
197797
197805
197810
197817
197829
197834
197841
197843
197849
197850
197851
197852
197857
197862
197870
197874
197879
197891
197899
197909
197917
197918
197922
197925
197926
197933
197941
197942
197956
197958
197962
197981
197988
197991
197994
198003
198004
198009
198013
198017
198019
198022
198030
198036
198039
198041
198047
198049
198060
198065
198066
198072
198080
198083
198086
198094
198096
198103
198106
198115
198118
198119
198122
198123
198127
198129
198143
198145
198164
198177
198178
198187
198195
198203
198217
198223
198230
198231
198234
198237
198239
198243
198249
198260
198275
198276
198300
198302
198304
198305
198313
198314
198315
198316
198317
198321
198327
198331
198347
198354
198355
198361
198366
198374
198377
198381
198390
198404
198409
198415
198421
198427
198440
198456
198457
198463
198464
198465
198473
198478
198479
198484
198486
198487
198490
198492
198493
198502
198504
198507
198510
198513
198521
198523
198528
198539
198550
198552
198564
198569
198575
198582
198600
198601
198611
198613
198619
198633
198640
198648
198649
198655
198672
198682
198683
198687
198694
198696
198698
198701
198704
198711
198715
198718
198728
198741
198745
198765
198767
198769
198776
198794
198795
198799
198801
198802
198810
198824
198825
198828
198829
198836
198843
198846
198847
198848
198849
198852
198854
198856
198861
198881
198890
198906
198907
198912
198937
198938
198946
198949
198957
198966
198967
198973
198975
198976
198978
198979
198982
198989
199005
199013
199022
199025
199026
199039
199049
199062
199063
199065
199082
199095
199099
199105
199108
199112
199113
199126
199133
199135
199145
199158
199166
199179
199183
199191
199195
199201
199207
199217
199241
199250
199263
199264
199267
199268
199273
199294
199300
199305
199306
199307
199308
199310
199328
199347
199348
199359
199369
199375
199383
199384
199397
199402
199410
199420
199422
199424
199429
199432
199441
199454
199463
199464
199465
199466
199552
199555
199556
199562
199576
199577
199586
199587
199604
199605
199607
199612
199616
199618
199621
199622
199628
199634
199637
199641
199642
199643
199644
199660
199661
199669
199670
199672
199674
199681
199684
199686
199694
199696
199698
199704
199711
199720
200635
200912
200913
200914
200916
200917
200918
200919
200920
200921
200922
200923
200924
200925
200926
200927
200928
200929
200930
200931
200932
200933
200935
200936
200937
200938
200939
200940
200941
200942
200943
200944
200945
200946
200947
200948
200949
200950
200983
200984
201162
201454
201467
201512
201872
202288
202289
202290
202291
202292
202293
202294
202295
202305
202306
202307
202308
202321
202322
202323
202324
202325
202326
202327
202328
202329
202330
202331
202332
202333
202334
202575
202576
202577
202578
202579
202580
202581
202582
202583
202584
202585
202586
202587
202588
202589
202590
202591
202592
202593
202594
202595
202596
202597
202598
202599
202600
202601
202602
202606
202607
202608
202609
202610
202611
202612
202613
202614
202615
202616
202633
202634
202635
202636
202637
202638
202639
202640
202641
202657
202658
202660
202661
202662
202663
202664
202837
202838
202839
202840
202841
202842
202843
202844
202845
202846
202847
202848
202849
202850
202851
202852
202853
202854
202855
202856
202857
202858
202859
202860
202861
202862
202863
202864
202865
202866
202934
202960
202961
202962
202963
202975
202976
202977
202978
202979
202980
202981
202982
202983
202984
202985
202986
202987
202988
202989
202990
202991
202992
202993
202994
202995
202996
202997
202998
202999
203000
203001
203002
203003
203004
203005
203006
203007
203008
203009
203010
203011
203315
203316
203317
203318
203333
203334
203335
203336
203337
203338
203339
203340
203341
203342
203344
203345
203346
203347
203895
203896
203897
203898
203903
203904
203905
203938
203939
203940
203941
203942
203943
203944
203946
203989
203990
203999
204000
204001
204003
204004
204005
204006
204007
204008
204009
204011
204012
204013
204014
204015
204083
204084
204085
204086
204087
204088
204089
204090
204091
204092
204093
204094
204095
204096
204097
204098
204099
204100
204101
204102
204103
204104
204105
204106
204107
204108
204109
204112
204113
204114
204115
204116
204117
204118
204119
204120
204121
204122
204123
204124
204125
204134
204135
204137
204143
204144
204216
204217
204218
204219
204220
204221
204222
204223
204224
204225
204226
204227
204228
204229
204230
204231
204268
204269
204270
204271
204272
204273
204274
204275
204276
204277
204278
204279
204280
204281
204282
204283
204284
204285
204286
204287
204288
204289
204290
204291
204292
204293
204294
204295
204296
204297
204298
204299
204300
204301
204302
204303
204304
204305
204306
204307
204308
204309
204310
204311
204312
204313
204314
204315
204316
204317
204318
204319
204320
204321
204322
204323
204324
204325
204326
204327
204328
204329
204330
204331
204332
204333
204334
204335
204336
204337
204338
204339
204340
204341
204342
204343
204344
204345
204346
204347
204348
204349
204350
204351
204352
204353
204354
204355
204356
204357
204358
204359
204360
204400
204401
204402
204403
204404
204405
204406
204407
204434
204435
204436
204437
204449
204451
204452
204453
204459
204460
204462
204483
204484
204485
204486
204487
204488
204489
204490
204491
204492
204493
204494
204495
204497
204498
204499
204500
204501
204502
204503
204528
204530
204531
204536
204537
204538
204539
204540
204541
204542
204543
204575
204576
204577
204578
204579
204580
204587
204588
204589
204590
204591
204593
204594
204595
204596
204597
204598
204599
204600
204601
204602
204603
204604
204605
204606
204607
204608
204609
204610
204611
204612
204613
204892
204893
204902
204903
204904
204905
204906
204907
204908
204909
204910
205048
205049
205050
205051
205052
205053
205054
205055
205056
205057
205058
205059
205060
205061
205062
205063
205064
205065
205066
205087
205088
205089
205090
205096
205097
205098
205099
205100
205101
205102
205103
205104
205109
205110
205111
205118
205119
205120
205121
205122
205123
205124
205125
205126
205127
205142
205143
205144
205145
205146
205147
205148
205149
205150
205151
205152
205153
205154
205155
205216
205217
205218
205219
205220
205224
205225
205226
205227
205228
205229
205230
205231
205243
205244
205245
205246
205247
205248
205249
205250
205251
205252
205253
205254
205255
205256
205257
205258
205259
205260
205261
205262
205263
205264
205553
205577
205578
205579
205580
205581
205582
205583
205584
205585
205586
205587
205588
205589
205590
205591
205592
205593
205594
205595
205596
205597
205598
205599
205600
205601
205602
205603
205604
205605
205606
205607
205608
205609
205610
205611
205612
205613
205614
205615
205616
205617
205618
205619
205620
205621
205622
205623
205624
205625
205626
205627
205628
205629
205944
205945
205946
205947
205948
205949
205950
205951
205956
205957
205991
205992
205993
205994
205995
205996
205997
205998
205999
206000
206001
206002
206003
206004
206005
206006
206007
206008
206009
206010
206011
206012
206013
206014
206015
206016
206017
206018
206019
206020
206021
206022
206023
206024
206025
206026
206027
206028
206029
206030
206031
206032
206033
206034
206035
206036
206037
206038
206039
206040
206041
206042
206043
206044
206045
206046
206047
206048
206049
206050
206051
206052
206053
206054
206055
206056
206057
206058
206059
206060
206061
206062
206063
206064
206065
206066
206067
206068
206069
206070
206071
206072
206073
206074
206075
206076
206077
206078
206079
206080
206081
206082
206083
206084
206085
206086
206087
206088
206089
206090
206091
206092
206093
206094
206095
206096
206097
206098
206099
206100
206101
206102
206103
206104
206105
206106
206107
206108
206109
206110
206111
206112
206113
206114
206115
206116
206117
206122
206123
206130
206131
206132
206133
206145
206146
206147
206148
206149
206150
206151
206152
206153
206154
206155
206156
206157
206158
206172
206173
206174
206175
206176
206177
206178
206179
206180
206181
206187
206188
206450
206599
206600
206601
206602
206603
206604
206605
206606
206607
206608
206609
206610
206611
206612
206619
206679
206680
206681
206682
206683
206686
206719
206720
206721
206722
206723
206724
206725
206726
206727
206728
206729
206730
206731
206732
206733
206734
206735
206736
206737
206738
206739
206740
206741
206742
206743
206744
206745
206746
206747
206748
206749
206750
206751
206752
206753
206754
206755
206756
206757
206758
206759
206760
206761
206762
206763
206764
206765
206766
206767
206768
206769
206770
206771
206772
206773
206774
206775
206865
206874
207209
207215
207216
207229
207237
207238
207239
207240
207244
207245
207246
207247
207248
207249
207250
207251
207252
207269
207270
207271
207272
207273
207274
207275
207276
207277
207280
207281
207282
207283
207284
207285
207286
207287
207288
207289
207290
207291
207292
207293
207294
207323
207324
207325
207326
207327
207328
207329
207330
207331
207332
207333
207334
207335
207336
207337
207338
207339
207343
207344
207345
207346
207347
207348
207349
207350
207415
207416
207417
207418
207419
207420
207421
207422
207423
207424
207425
207447
207462
207463
207476
207477
207478
207479
207480
207481
207482
207483
207484
207485
207486
207487
207488
207489
207490
207492
207493
207494
207504
207505
207506
207507
207508
207509
207510
207511
207512
207513
207514
207515
207559
207560
207561
207562
207564
207583
207584
207585
207586
207587
207588
207589
207593
207594
207595
207596
207597
207598
207599
207600
207601
207602
207603
207604
207605
207606
207607
207800
207801
207814
207815
207816
207817
207818
207819
207820
207821
207822
207825
207826
207827
207851
207852
207853
207854
207855
207856
207857
207858
207859
207860
207861
207862
207863
207864
207874
207875
207876
207879
207880
207881
207882
207883
207884
207885
207886
207887
207888
207889
207890
207891
207892
207893
207894
207895
207896
207897
207898
207899
207900
207901
207902
208527
208528
208529
208530
208531
208532
208533
208534
208535
208536
208537
208538
208539
208540
208541
208542
208543
208544
208547
208551
208552
208553
208554
208555
208556
208557
208558
208559
208560
208617
208692
208693
208694
208695
208696
208697
208698
208699
208700
208701
208702
208703
208704
208705
208706
208707
208708
208709
208710
208711
208712
208713
208714
208715
208716
208717
208718
208719
208720
208721
208722
208731
208732
208733
208734
208735
208736
208737
208738
208750
208751
208752
208753
208754
208755
208773
208774
208775
208805
208806
208807
208808
208809
208812
208813
208814
208866
208867
208868
208869
208870
208871
208872
208873
208874
208875
208876
208877
208878
208879
208880
208881
208882
208883
208884
208885
208886
208887
208888
208889
208890
208891
208892
208893
208894
208895
208896
208897
208898
208902
208903
208904
208905
208906
208907
208908
208909
208910
208911
208912
208913
208917
208960
209033
209034
209035
209036
209037
209038
209039
209040
209041
209042
209043
209044
209045
209046
209047
209048
209049
209050
209051
209052
209053
209054
209055
209056
209057
209058
209059
209060
209061
209062
209063
209064
209076
209354
209355
209356
209357
209361
209368
209369
209370
209371
209424
209425
209426
209427
209428
209429
209430
209431
209432
209433
209434
209449
209450
209451
209452
209453
209454
209455
209456
209457
209458
209459
209460
209461
209462
209463
209464
209465
209466
209467
209468
209469
209470
209471
209472
209473
209474
209475
209476
209477
209478
209479
209480
209481
209482
209483
209484
209485
209486
209492
209493
209494
209495
209496
209522
209523
209524
209525
209777
209778
209779
209780
209781
209782
209783
209784
209785
209786
209787
209788
209789
209790
209791
209792
209793
209794
209795
209796
209797
209800
209801
209802
209803
209804
209805
209806
209807
209808
209809
209810
209811
209812
209813
209814
209815
209816
209817
209818
209819
209820
209821
209886
209887
209888
209889
209890
209891
209892
209893
209894
209895
209896
209899
209900
209901
209902
209932
209933
209934
209935
209936
209937
209938
209939
209940
209941
209942
209944
209945
209946
210004
210005
210006
210007
210008
210009
210013
210014
210015
210016
210017
210018
210019
210020
210021
210022
210023
210024
210025
210026
210027
210028
210029
210030
210442
210443
210444
210445
210446
210447
210448
210449
210450
210451
210452
210453
210513
210514
210516
210517
210518
210519
210520
210521
210522
210523
210524
210526
210527
210537
210538
210539
210540
210546
210547
210548
210549
210550
210551
210552
210553
210554
210555
210556
210557
210558
210559
210560
210565
210572
210573
210574
210575
210576
210577
210578
210579
210580
210581
210582
210583
210584
210585
210586
210587
210588
210589
210590
210591
210592
210593
210594
210595
210596
210597
210601
210602
210603
210604
210605
210606
210609
210610
210611
210612
210613
210769
210771
210774
210776
210778
210780
210805
210807
210863
210864
210945
210946
210958
210960
210961
210962
210963
210964
210965
210966
210967
210968
210970
210971
210972
210974
210975
211006
211007
211008
211009
211010
211013
211014
211015
211016
211092
211093
211096
211098
211099
211103
211141
211142
211145
211146
211163
211167
211168
211203
211209
211210
211223
211225
211226
211227
211229
211230
211231
211232
211233
211240
211242
211244
211246
211249
211252
211254
211258
211262
211328
211348
211350
211352
211353
211360
211361
211362
211364
211366
211368
211439
211440
211443
211445
211447
211521
211531
211556
211572
211573
211574
211575
211576
211577
211578
211581
211583
211585
211868
211869
211870
211871
211872
211873
211874
211875
211876
211877
211881
211882
211883
211885
211886
211887
211889
211890
211892
211893
211894
211898
211900
211902
211903
211904
211908
211909
211910
211918
211919
211920
211921
211922
211923
211924
211925
211929
211931
211932
211933
211934
211935
211936
211937
211939
211948
211949
211950
211951
212019
212020
212021
212022
212023
212024
212025
212026
212027
212028
212029
212030
212031
212032
212033
212034
212035
212036
212037
212038
212039
212040
212041
212042
212043
212044
212045
212046
212047
212048
212060
212061
212179
212181
212182
212183
212184
212185
212224
212225
212226
212227
212228
212229
212230
212233
212234
212235
212236
212237
212238
212239
212240
212241
212272
212273
212279
212280
212281
212282
212283
212284
212285
212286
212594
212595
212596
212597
212598
212608
212609
212610
212611
212612
212613
212614
212615
212616
212617
212618
212619
212620
212621
212622
212623
212624
212625
212626
212627
212628
212629
212640
212641
212642
212643
212644
212645
212646
212651
212652
212653
212654
212655
212658
212659
212660
212661
212662
212663
212664
212665
212666
212667
212668
212836
212837
212838
212839
212840
212841
212860
212861
212862
212863
212864
212865
212866
212867
212868
212869
212870
212871
212872
212873
212874
212875
212876
212877
212878
212879
212880
212881
212882
212883
212884
212885
212886
212887
212888
212889
212890
212891
213198
213311
213312
213313
213314
213315
213316
213317
213328
213329
213330
213331
213332
213333
213341
213342
213343
213344
213345
213346
213347
213348
213349
213350
213351
213352
213353
213354
213355
213356
213357
213423
213424
213425
213426
213427
213428
213429
213430
213431
213432
213433
213434
213435
213436
213439
213440
213503
213509
213510
213511
213514
213515
213516
213517
213518
213519
213520
213521
213522
213523
213524
213525
213526
213527
213528
213529
213530
213531
213532
213533
213534
213535
213536
213537
213538
213540
213541
213542
213543
213544
213545
213546
213547
213548
213549
213550
213551
213552
213553
213554
213555
213556
213557
213558
213559
213576
213577
213578
213579
213656
213657
213658
213659
213673
213674
213675
213737
213738
213739
213740
213741
213742
213743
213744
213745
213746
213747
213748
213749
213755
213756
213757
213758
213759
213760
213761
213762
213913
213914
213953
213954
213955
213970
213971
213972
213973
213974
213975
213976
213977
213978
213979
213980
213981
213982
213983
213984
213985
213986
213987
213988
213989
213990
213991
213992
213993
214332
214333
214334
214335
214336
214337
214338
214339
214340
214341
214342
214343
214344
214345
214346
214347
214348
214349
214350
214351
214352
214353
214355
214356
214357
214358
214359
214360
214361
214362
214363
214364
214365
214366
214367
214368
214369
214370
214371
214424
214425
214426
214427
214428
214429
214434
214435
214436
214437
214438
214439
214440
214441
214442
214443
214444
214445
214446
214447
214448
214449
214450
214451
214452
214453
214454
214455
214456
214457
214458
214459
214460
214461
214462
214463
214464
214465
214466
214467
214468
214469
214470
214471
214472
214473
214474
214475
214476
214477
214478
214479
214485
214486
214494
214495
214496
214497
214498
214499
214500
214501
214502
214503
214504
214505
214506
214507
214508
214509
214510
214511
214512
214513
214514
214515
214516
214517
214518
214519
214520
214521
214522
214523
214524
214525
214526
214527
214528
214529
214530
214531
214532
214533
214534
214535
214536
214537
214538
214539
214540
214541
214542
214543
214544
214545
214546
214547
214548
214549
214550
214551
214564
214565
214566
214567
214568
214628
214629
214632
214746
214747
214748
214749
214750
214751
214752
214753
214754
214755
214756
215134
215135
215136
215137
215138
215139
215140
215141
215142
215255
215256
215257
215258
215259
215260
215261
215262
215263
215264
215265
215266
215267
215268
215269
215270
215271
215272
215273
215274
215275
215276
215277
215278
215279
215280
215472
215473
215474
215475
215476
215477
215478
215479
215480
215481
215482
215483
215488
215643
215644
215645
215646
215647
215648
215649
215650
215651
215652
215653
215654
215655
215656
215657
215658
215659
215660
215661
215662
215663
215664
215665
215666
215667
215668
215669
215670
215671
215672
215673
215674
215675
215676
215677
215678
215679
215680
215681
215706
215707
215708
215817
215818
215819
215820
215821
215822
215823
215824
215825
215986
215987
215988
215989
215990
215991
215992
215993
215994
215995
215996
215997
215998
215999
216000
216001
216002
216003
216004
216005
216061
216062
216063
216064
216065
216066
216067
216068
216069
216070
216071
216072
216073
216074
216075
216076
216077
216090
216091
216093
216094
216095
216096
216097
216134
216135
216136
216137
216138
216144
216145
216146
216160
216161
216162
216163
216164
216165
216166
216167
216168
216169
216170
216171
216172
216173
216297
216298
216299
216300
216301
216305
216306
216307
216308
216312
216313
216314
216315
216316
216317
216318
216319
216320
216321
216322
216323
216324
216325
216326
216327
216328
216329
216330
216331
216332
216333
216334
216335
216336
216337
216338
216339
216340
216341
216348
216349
216350
216351
216352
216353
216371
216372
216373
216375
216376
216378
216382
216920
216929
216930
216931
216932
216933
216934
216935
216936
216937
216945
216953
216954
217452
217453
217454
217455
217456
217457
217458
217459
217461
217462
217463
217464
217465
217470
217473
217474
217475
217476
217477
217478
217479
217480
217481
217482
217483
217484
217485
217486
217521
217522
217523
217524
217525
217526
217527
217528
217529
217530
217531
217532
217533
217534
217535
217536
217537
217538
217539
217540
217541
217542
217543
217544
217545
217546
217547
217548
217549
217551
217552
217553
217554
217555
217556
217557
217558
217559
217560
217561
217562
217563
217564
217565
217566
217567
217568
217569
217570
217571
217572
217573
217574
217575
217576
217577
217578
217579
217580
217581
217582
217583
217584
217585
217586
217587
217588
217589
217590
217591
217592
217593
217594
217595
217596
217597
217598
217599
217600
217601
217602
217603
217604
217605
217606
217607
217608
217609
217610
217611
217612
217613
217614
217615
217616
217618
217619
217620
217621
217622
217623
217624
217625
217626
217627
217628
217629
217635
217645
217646
217647
217656
217657
217658
217660
217661
217662
217663
217928
217929
217930
217932
217933
217934
217935
217936
217937
217938
217939
217940
217941
217942
217943
217944
217945
217946
217947
217948
217949
217950
217951
217952
217953
217954
217955
217956
217957
217958
217959
218157
218158
218159
218160
218161
218162
218163
218164
218165
218166
218167
218168
218169
218170
218171
218172
218173
218174
218175
218176
218177
218178
218179
218180
218181
218182
218183
218274
218275
218276
218277
218278
218279
218280
218281
218282
218283
218284
218285
218286
218287
218288
218289
218290
218291
218292
218293
218294
218295
218301
218302
218303
218304
218308
218309
218328
218345
218833
218834
218835
218836
218837
218853
218854
218855
218856
218857
218858
218859
218860
218861
218862
218863
218864
218865
219211
219212
219213
219214
219215
219216
219217
219218
219219
219220
219235
219236
219237
219238
219239
219240
219241
219242
219243
219619
219620
219621
219629
219630
219631
219632
219633
219634
219635
219636
219637
219638
219639
219640
219641
219642
219648
219649
219650
219651
219652
219663
219664
219665
219666
219667
219668
219669
219670
219671
219672
219673
219674
219678
219679
219681
219682
219683
219684
219685
219686
219687
219688
219689
219690
219691
219692
219693
219694
219695
219696
219697
219698
219699
219700
219701
219702
219703
219704
219705
219806
219807
219808
219809
219810
219811
219812
219813
219814
219815
219816
219817
219818
219819
219820
219821
219822
219823
219824
219825
219826
219827
219828
219829
219830
219831
219832
219833
219834
219835
219836
219837
219838
219839
219840
219841
219842
219843
219844
219845
219846
219847
219848
219849
219850
219851
219852
219853
219854
219855
219856
219857
219909
219910
219911
219912
219913
219914
219915
219916
219917
219918
219935
219983
219984
219985
219986
219987
219988
219989
219990
219991
220091
220092
220093
220094
220095
220096
220097
220098
220099
220100
220101
220102
220103
220104
220105
220106
220107
220108
220109
220110
220111
220112
220117
220118
220119
220120
220121
220122
220123
220124
220125
220126
220127
220164
220165
220166
220167
220168
220169
220170
220171
220172
220173
220174
220175
220176
220179
220301
220661
220695
220696
220697
220698
220699
220700
220701
220702
220703
220704
220705
220706
220707
220708
220709
220710
220711
220712
220713
220897
220898
220899
220900
220901
220902
220903
220904
220905
220906
220907
220908
220909
220910
220911
220912
220913
220914
220915
220916
220917
220918
220919
220920
220921
220922
220923
220924
220925
220926
220927
220928
220929
220930
220931
220932
220940
220941
220942
220943
220944
221147
221148
221149
221150
221151
221152
221153
221154
221155
221156
221157
221158
221159
221160
221161
221162
221163
221164
221189
221190
221191
221192
221193
221194
221195
221196
221197
221198
221199
221200
221201
221202
221203
221204
221205
221206
221207
221208
221209
221210
221211
221212
221213
221214
221215
221216
221217
221218
221219
221220
221221
221222
221223
221224
221225
221226
221227
221228
221229
221230
221231
221232
221233
221234
221235
221237
221257
221258
221259
221260
221261
221262
221263
221264
221265
221266
221267
221268
221269
221270
221271
221272
221273
221274
221275
221276
221277
221278
221279
221280
221281
221282
221283
221284
221285
221286
221287
221288
221289
221290
221291
221292
221293
221294
221295
221296
221297
221298
221299
221300
221301
221770
221771
221773
221774
221782
221784
221786
221789
221791
221792
221794
221795
221797
221799
221820
221822
221824
221825
221826
221827
221828
221829
221830
221831
221832
221833
221834
221835
221909
221910
221911
221912
221913
222417
222418
222513
222514
222515
222516
222517
222518
222519
222520
222521
222522
222523
222524
222525
222526
222527
222528
222529
222530
222531
222532
222534
222535
222536
222537
222538
222539
222540
222541
222542
222543
222552
222553
222554
222555
222566
222567
222568
222569
222570
222571
222572
222573
222574
222575
222576
222577
222578
222867
222868
222869
222870
222871
222872
222873
222875
222876
222877
222878
222879
222900
222901
222902
222903
222907
222908
222909
222910
222911
222912
222913
222914
222915
222916
222917
222918
222919
222920
222921
222922
222923
222999
223000
223001
223002
223003
223004
223005
223006
223007
223008
223009
223010
