10000
21
73
76
88
108
110
112
114
331
336
417
421
423
425
426
427
428
432
456
459
460
467
544
560
562
565
626
628
632
637
648
735
741
803
830
862
864
879
881
926
928
938
948
1080
1139
1140
1141
1142
1143
1144
1145
1146
1147
1148
1149
1150
1151
1152
1154
1155
1156
1158
1159
1160
1161
1164
1167
1169
1171
1175
1177
1179
1181
1184
1185
1189
1193
1194
1196
1200
1201
1202
1203
1204
1207
1208
1214
1215
1221
1223
1226
1228
1236
1260
1261
1275
1283
1298
1312
1330
1339
1351
1400
1439
1446
1474
1485
1495
1545
1686
1956
1973
2531
2556
20126
20278
20793
22345
22375
22377
22386
22390
22400
22401
22404
22416
22436
22454
22463
22464
22469
22528
22532
22533
22544
22572
22600
22615
22623
22832
22846
22863
23007
23045
23081
23208
23211
23236
23404
23467
23527
23576
23627
23666
23706
23737
23772
23773
23866
23871
23943
23944
23952
23991
24021
24052
24055
24107
24170
24262
24318
24326
24337
24362
24460
24561
24572
24573
24574
24729
24763
24784
24863
24975
24994
25027
25095
25138
25310
25463
25465
25538
25542
25543
25615
25774
25790
25850
25854
25868
25977
26023
26045
26149
26278
26320
26325
26344
26425
26438
26460
26526
26542
26637
26659
26748
26815
26844
26855
26900
26994
27015
27071
27077
27116
27117
27165
27220
27226
27242
27244
27321
27370
27477
27493
27537
27574
27734
27829
27835
27978
27979
27996
28126
28177
28213
28259
28395
28397
28400
28424
28479
28484
28491
28543
28560
28566
28567
28586
28643
28704
28733
28799
28846
28937
28944
29019
29153
29180
29220
29287
29319
29370
29398
29399
29477
29867
30081
30130
30145
30150
30403
30561
30574
30598
30600
30662
30767
30786
30854
31014
31121
31131
31210
31257
31337
31398
31399
31403
31420
31544
31606
31694
31702
31739
31742
31747
31748
31761
31821
31924
31964
31966
31970
31971
31972
31974
31976
31998
32100
32104
32124
32126
32127
32128
32129
32130
32131
32132
32133
32136
32137
32138
32139
32142
32143
32144
32145
32147
32148
32149
32150
32151
32152
32153
32154
32155
32156
32158
32159
32168
32169
32171
32172
32174
32175
32176
32177
32178
32179
32180
32181
32182
32184
32186
32187
32189
32190
32191
32192
32193
32194
32198
32199
32202
32203
32204
32205
32208
32211
32212
32217
32218
32219
32221
32223
32224
32226
32229
32231
32233
32240
32242
32244
32245
32246
32247
32248
32252
32253
32259
32261
32262
32264
32265
32267
32269
32270
32271
32272
32273
32274
32275
32277
32280
32281
32283
32285
32286
32287
32288
32289
32290
32295
32296
32298
32299
32301
32302
32303
32304
32306
32307
32308
32309
32310
32311
32312
32313
32315
32317
32318
32320
32321
32322
32324
32325
32327
32328
32329
32334
32336
32343
32344
32345
32348
32351
32367
32368
32369
32408
32409
32414
32415
32416
32417
32418
32419
32420
32421
32422
32429
32430
32451
32510
32517
32559
32816
32863
32877
32886
32909
33001
33048
33050
33051
33184
33185
33244
33336
33338
33369
33371
33375
33389
33416
33453
33461
33497
33502
33506
33528
33541
33546
33547
33548
33549
33551
33567
33568
33600
33652
33761
33786
33841
33843
33846
33869
33878
33879
33882
33921
33931
33988
33997
33998
34001
34003
34016
34019
34022
34023
34026
34032
34046
34108
34111
34114
34131
34133
34141
34146
34150
34153
34160
34163
34171
34201
34245
34246
34247
34273
34279
34281
34291
34292
34301
34323
34335
34387
34395
34421
34425
34429
34434
34446
34448
34449
34455
34477
34486
34496
34497
34500
34505
34520
34523
34524
34531
34565
34577
34601
34618
34628
34629
34705
34710
34713
34729
34738
34743
34790
34793
34819
34839
34840
34841
34851
34857
34861
34902
34905
34913
34920
34923
34934
34936
34937
34940
34942
34949
34963
34965
34973
34975
34981
34984
34985
35027
35029
35033
35055
35067
35068
35069
35072
35096
35115
35170
35173
35191
35195
35242
35278
35281
35312
35318
35355
35374
35394
35412
35416
35448
35464
35480
35499
35526
35529
35558
35560
35569
35591
35601
35613
35615
35640
35650
35710
35730
35760
35777
35831
35844
35881
35887
35897
35939
35953
35962
35967
35968
35971
35981
36040
36043
36080
36106
36107
36108
36109
36138
36181
36190
36193
36194
36196
36202
36209
36229
36235
36241
36278
36287
36310
36313
36315
36351
36360
36398
36414
36424
36440
36448
36506
36516
36530
36548
36587
36657
36685
36690
36707
36708
36710
36715
36724
36726
36736
36768
36785
36807
36823
36831
36844
36922
36970
37007
37009
37027
37055
37061
37068
37069
37138
37154
37248
37284
37290
37306
37320
37329
37330
37339
37342
37351
37367
37368
37377
37419
37420
37421
37423
37435
37440
37496
37501
37502
37517
37518
37581
37628
37629
37632
37638
37669
37695
37696
37700
37740
37749
37759
37788
37808
37838
37841
37861
37862
37882
37884
37945
37995
38009
38015
38109
38114
38153
38178
38180
38212
38224
38251
38271
38301
38315
38317
38318
38330
38351
38356
38378
38395
38406
38409
38411
38413
38501
38512
38535
38544
38567
38582
38679
38680
38687
38692
38693
38698
38743
38755
38756
38757
38770
38833
38840
38855
38862
38901
38915
38950
38977
39094
39118
39147
39148
39151
39158
39161
39183
39189
39224
39226
39227
39228
39232
39242
39344
39349
39379
39382
39401
39406
39408
39444
39480
39504
39567
39568
39573
39584
39595
39644
39669
39681
39714
39721
39726
39750
39758
39759
39795
39809
39843
39846
39868
39873
39876
39877
39918
39995
40004
40006
40068
40080
40181
40222
40315
40342
40410
40412
40414
40604
40605
40610
40621
40622
40646
40647
40660
40662
40675
40693
40699
40709
40740
40761
40797
40829
40881
40895
40918
41016
41020
41021
41022
41048
41081
41125
41126
41145
41151
41155
41157
41219
41252
41253
41257
41307
41308
41309
41351
41375
41376
41377
41378
41386
41409
41410
41450
41473
41474
41550
41551
41552
41561
41564
41567
41588
41666
41688
41689
41708
41727
41748
41795
41798
41834
41878
41924
41947
41948
41957
41963
41997
42022
42034
42037
42038
42040
42055
42058
42061
42085
42089
42121
42146
42150
42165
42237
42332
42386
42387
42394
42399
42414
42420
42442
42496
42523
42530
42533
42544
42546
42553
42581
42593
42605
42617
42625
42641
42652
42653
42656
42675
42776
42794
42801
42802
42838
42839
42840
42851
42852
42876
42938
42972
42977
42998
43020
43043
43064
43070
43080
43098
43106
43128
43185
43194
43195
43201
43203
43221
43225
43262
43297
43316
43325
43351
43356
43357
43378
43392
43400
43422
43428
43436
43458
43481
43493
43535
43539
43601
43626
43627
43648
43699
43746
43768
43777
43780
43792
43832
43842
43856
43893
43928
43943
43960
43965
43969
43970
43977
43978
43979
43987
43989
43993
43994
43996
43997
44001
44017
44019
44031
44038
44041
44070
44071
44072
44073
44081
44082
44089
44091
44103
44105
44118
44140
44141
44142
44144
44145
44146
44148
44149
44150
44151
44152
44153
44154
44162
44231
44277
44278
44279
44280
44281
44445
44468
44483
44485
44487
44489
44491
44496
44501
44508
44513
44520
44541
44561
44565
44567
44578
44582
44583
44584
44585
44614
44616
44624
44672
44729
44743
44752
44753
44875
44886
44890
44915
45003
45032
45068
45123
45245
45249
45266
45278
45329
45503
45512
45520
45576
45577
45633
45768
45782
45794
46042
46065
46095
46351
46423
46472
46537
46539
46541
46544
46546
46603
46611
46625
46629
46631
46632
46671
46730
46731
46785
46859
47042
47045
47046
47047
47052
47061
47063
47070
47075
47140
47148
47149
47166
47176
47184
47199
47200
47201
47230
47237
47239
47243
47257
47258
47270
47272
47283
47290
47294
47298
47308
47317
47320
47322
47335
47340
47342
47343
47348
47372
47375
47384
47414
47416
47420
47422
47426
47428
47432
47444
47447
47467
47470
47474
47476
47486
47491
47492
47500
47512
47521
47523
47525
47526
47528
47537
47539
47541
47546
47549
47552
47559
47564
47569
47578
47583
47586
47588
47720
47727
47730
47832
47839
47842
47846
47866
47871
47879
47886
47893
47903
47905
47907
47909
47921
47925
47934
47937
47939
47943
47956
47959
47962
47968
47973
47975
47979
47982
47989
47993
47999
48021
48033
48038
48043
48057
48072
48076
48087
48131
48132
48140
48146
48147
48160
48164
48167
48173
48175
48178
48179
48182
48189
48194
48198
48200
48206
48213
48214
48220
48225
48229
48232
48235
48238
48241
48242
48244
48251
48273
48292
48295
48301
48309
48311
48314
48319
48353
48354
48355
48358
48364
48370
48371
48383
48393
48396
48399
48401
48413
48416
48440
48507
48586
48813
48818
48820
48875
48879
48882
48905
48915
48918
48931
48945
48954
48961
48975
48976
48981
48983
48986
48991
49006
49010
49012
49030
49037
49048
49057
49059
49078
49181
49208
49215
49241
49244
49266
49280
49312
49325
49326
49327
49328
49329
49330
49331
49332
49333
49334
49335
49336
49337
49339
49340
49341
49342
49343
49344
49345
49346
49348
49352
49353
49354
49356
49357
49358
49359
49361
49362
49363
49364
49366
49367
49371
49372
49374
49378
49379
49380
49381
49382
49383
49384
49385
49386
49388
49389
49391
49392
49395
49396
49398
49399
49400
49402
49403
49404
49405
49407
49408
49409
49410
49411
49412
49413
49414
49415
49416
49418
49419
49420
49421
49422
49423
49424
49425
49426
49428
49432
49433
49434
49436
49440
49441
49443
49445
49447
49449
49450
49451
49452
49453
49455
49456
49457
49458
49460
49461
49462
49463
49464
49466
49469
49472
49473
49474
49475
49477
49478
49481
49482
49483
49484
49488
49492
49494
49495
49497
49500
49501
49503
49506
49507
49509
49512
49516
49517
49523
49524
49527
49528
49529
49533
49534
49536
49539
49541
49543
49547
49548
49550
49556
49557
49560
49562
49563
49566
49572
49573
49589
49590
49593
49595
49596
49598
49600
49601
49602
49605
49616
49620
49625
49632
49636
49641
49645
49649
49651
49652
49656
49661
49668
49670
49671
49672
49674
49675
49678
49703
49704
49705
49708
49710
49711
49718
49723
49746
49749
49755
49758
49854
50003
50016
50059
50060
50061
50065
50067
50068
50071
50072
50098
50179
50180
50186
50191
50351
50391
50392
50393
50394
50395
50396
50397
50398
50399
50400
50401
50402
50403
50404
50405
50406
50407
50408
50409
50410
50411
50412
50413
50414
50415
50416
50417
50418
50419
50420
50421
50422
50423
50424
50425
50426
50427
50428
50429
50430
50431
50432
50433
50434
50435
50436
50437
50438
50439
50440
50441
50442
50443
50444
50445
50446
50447
50448
50449
50450
50451
50452
50453
50454
50455
50456
50457
50458
50459
50460
50461
50462
50463
50464
50465
50466
50467
50468
50469
50470
50471
50472
50473
50474
50475
50476
50477
50478
50479
50480
50481
50482
50483
50484
50485
50486
50487
50488
50489
50490
50491
50492
50493
50494
50495
50496
50497
50498
50499
50500
50501
50502
50503
50504
50505
50506
50507
50508
50509
50510
50511
50512
50513
50514
50515
50516
50517
50518
50519
50520
50521
50522
50523
50524
50525
50526
50527
50528
50529
50530
50531
50532
50533
50534
50535
50536
50537
50538
50539
50540
50541
50542
50543
50544
50545
50546
50547
50548
50549
50550
50551
50552
50553
50554
50555
50556
50557
50558
50559
50560
50561
50562
50563
50564
50565
50566
50567
50568
50569
50570
50571
50572
50573
50574
50575
50576
50577
50578
50579
50580
50581
50582
50583
50584
50585
50586
50587
50588
50589
50590
50591
50592
50593
50594
50595
50596
50597
50598
50599
50600
50601
50602
50603
50604
50605
50606
50607
50608
50609
50610
50611
50612
50613
50614
50615
50616
50617
50618
50619
50620
50621
50622
50623
50624
50625
50626
50627
50628
50629
50630
50631
50632
50633
50634
50635
50636
50637
50638
50639
50640
50641
50642
50643
50644
50645
50646
50647
50648
50649
50650
50651
50652
50653
50654
50655
50656
50657
50658
50659
50660
50661
50662
50663
50664
50665
50666
50667
50668
50669
50670
50671
50672
50674
50676
50677
50678
50679
50681
50682
50683
50685
50687
50688
50689
50691
50693
50694
50695
50696
50697
50698
50699
50700
50701
50702
50703
50704
50705
50706
50707
50708
50709
50710
50711
50712
50713
50714
50715
50716
50717
50718
50719
50720
50721
50722
50723
50724
50725
50726
50727
50728
50729
50730
50731
50732
50733
50734
50735
50736
50737
50738
50739
50740
50741
50742
50743
50744
50745
50746
50747
50748
50749
50750
50751
50752
50753
50754
50755
50756
50757
50758
50759
50760
50761
50762
50763
50764
50765
50766
50767
50768
50769
50770
50771
50772
50773
50774
50775
50776
50777
50778
50779
50780
50781
50782
50783
50784
50785
50786
50787
50788
50789
50790
50791
50792
50793
50794
50795
50796
50797
50798
50799
50800
50801
50802
50803
50804
50805
50806
50807
50808
50809
50810
50811
50812
50813
50814
50815
50816
50817
50818
50819
50820
50821
50822
50823
50824
50825
50826
50827
50828
50829
50830
50831
50832
50833
50834
50835
50836
50837
50838
50839
50840
50841
50842
50843
50844
50845
50846
50847
50848
50849
50850
50851
50852
50853
50854
50855
50856
50857
50858
50859
50860
50861
50862
50863
50864
50865
50866
50867
50868
50869
50870
50871
50872
50873
50874
50875
50876
50877
50878
50879
50880
50881
50882
50883
50884
50885
50886
50887
50888
50889
50890
50891
50892
50893
50894
50895
50896
50897
50898
50899
50900
50901
50902
50903
50904
50905
50906
50907
50908
50909
50910
50911
50912
50913
50914
50915
50916
50917
50918
50919
50920
50921
50922
50923
50924
50925
50926
50927
50928
50929
50930
50931
50932
50933
50934
50935
50936
50937
50938
50939
50940
50941
50942
50943
50944
50945
50946
50947
50948
50949
50950
50951
50952
50953
50954
50955
50956
50957
50958
50959
50960
50961
50962
50963
50964
50965
50966
50967
50968
50969
50970
50971
50972
50973
50974
50975
50976
50977
50978
50979
50980
50981
50982
50983
50984
50985
50986
50987
50988
50989
50990
50991
50992
50993
50994
50995
50996
50997
50998
50999
51000
51001
51002
51003
51004
51005
51007
51013
51016
51023
51025
51026
51027
51028
51029
51030
51031
51032
51033
51034
51035
51036
51037
51038
51039
51040
51041
51042
51043
51044
51045
51046
51047
51048
51049
51050
51051
51052
51053
51054
51055
51056
51057
51058
51059
51060
51061
51062
51063
51064
51065
51066
51067
51068
51069
51070
51071
51072
51073
51074
51075
51076
51077
51078
51079
51080
51081
51082
51083
51084
51085
51086
51087
51090
51092
51093
51094
51104
51105
51106
51107
51111
51112
51113
51114
51123
51124
51128
51130
51134
51135
51139
51148
51170
51215
51218
51226
51229
51236
51252
51317
51377
51415
51422
51429
51442
51567
51593
51594
51635
51699
51700
51706
51710
51715
51723
51737
51785
51788
51793
51869
51870
51962
51965
51993
51996
52324
52510
52517
52693
52695
52770
52852
52854
52874
52971
52981
53012
53017
53019
53023
53026
53027
53048
53064
53100
53117
53136
53144
53145
53178
53308
53346
53397
53399
53412
53555
53777
53850
53985
54112
54379
54407
54426
54427
54429
54588
54627
54631
54638
54639
54641
54642
54662
54663
54664
54665
54771
54793
54813
54843
54844
54845
54846
54847
54848
54849
54854
54857
54858
54859
54860
54871
54872
54877
55022
55024
55127
55133
55143
55147
55200
55271
55275
55277
55280
55283
55285
55289
55304
55307
55313
55314
55317
55318
55319
55352
55375
55379
55656
55828
55830
55831
55835
55836
55842
55848
55864
55925
55929
56064
56110
56163
56164
56223
56224
56225
56241
56252
56318
56357
56358
56364
56365
56366
56414
56486
56578
56679
56722
56724
56848
56938
57025
57026
57027
57047
57092
57095
57171
57172
57173
57174
57177
57181
57277
57297
57333
57349
57352
57413
57417
57418
57422
57423
57424
57425
57426
57427
57428
57429
57430
57431
57433
57434
57436
57437
57438
57439
57440
57441
57442
57443
57444
57445
57446
57447
57448
57449
57450
57451
57452
57453
57455
57456
57457
57458
57459
57460
57461
57462
57463
57464
57465
57466
57467
57468
57469
57470
57471
57472
57473
57474
57475
57476
57477
57478
57479
57480
57481
57482
57483
57484
57485
57488
57489
57490
57491
57492
57493
57494
57495
57496
57497
57498
57499
57500
57501
57502
57503
57504
57505
57506
57507
57508
57509
57510
57511
57512
57513
57514
57515
57516
57517
57518
57519
57520
57521
57522
57523
57524
57525
57526
57527
57528
57529
57530
57531
57532
57533
57534
57535
57536
57537
57538
57539
57540
57541
57542
57543
57544
57545
57546
57547
57548
57549
57550
57551
57552
57553
57554
57555
57556
57557
57558
57559
57560
57561
57562
57563
57564
57565
57566
57567
57568
57569
57570
57571
57572
57573
57574
57575
57576
57577
57578
57579
57580
57581
57582
57583
57584
57585
57586
57587
57588
57589
57590
57591
57592
57593
57594
57595
57596
57597
57598
57599
57600
57601
57602
57603
57604
57605
57606
57607
57608
57609
57610
57611
57612
57613
57614
57615
57616
57617
57618
57619
57620
57621
57622
57623
57624
57625
57626
57627
57628
57629
57630
57631
57632
57633
57634
57635
57636
57637
57638
57639
57640
57641
57642
57643
57644
57645
57646
57647
57648
57649
57650
57651
57652
57653
57654
57655
57656
57657
57658
57659
57660
57661
57662
57663
57664
57665
57666
57667
57668
57669
57670
57671
57672
57673
57674
57675
57676
57677
57678
57681
57682
57683
57684
57685
57686
57687
57688
57689
57690
57691
57692
57695
57699
57700
57701
57702
57703
57704
57705
57706
57707
57708
57709
57710
57711
57712
57713
57714
57715
57716
57717
57718
57719
57720
57721
57722
57723
57724
57725
57726
57727
57729
58208
58209
58304
58309
58317
58318
58319
58320
58321
58322
58323
58324
58325
58332
58339
58340
58447
58486
58497
58517
58518
58521
58534
58539
58545
58546
58548
58551
58552
58554
58555
58556
58557
58560
58585
58586
58589
58591
58593
58594
58595
58644
58645
58646
58647
58648
58649
58650
58654
58655
58656
58657
58658
58659
58684
58685
58686
58687
58688
58689
58690
58691
58692
58693
58694
58695
58696
58697
58698
58699
58700
58701
58703
58704
58705
58706
58707
58708
58709
58710
58711
58712
58713
58714
58715
58716
58717
58718
58719
58720
58721
58722
58723
58724
58725
58726
58727
58728
58729
58730
58731
58732
58733
58734
58735
58736
58737
58738
58739
58740
58741
58742
58743
58744
58745
58746
58747
58748
58749
58750
58751
58752
58753
58754
58755
58756
58757
58758
58759
58760
58761
58762
58763
58764
58765
58766
58767
58768
58769
58770
58771
58772
58773
58774
58775
58776
58777
58778
58779
58780
58781
58782
58783
58784
58785
58786
58787
58788
58789
58790
58791
58792
58793
58794
58795
58796
58797
58798
58799
58800
58801
58802
58803
58804
58805
58806
58807
58808
58809
58810
58811
58812
58813
58814
58815
58816
58817
58818
58819
58820
58821
58822
58823
58824
58825
58826
58827
58828
58829
58830
58831
58832
58833
58834
58835
58836
58837
58838
58839
58840
58841
58842
58843
58844
58845
58846
58847
58848
58849
58850
58851
58852
58853
58854
58855
58856
58857
58858
58859
58860
58861
58862
58863
58864
58865
58866
58867
58868
58869
58870
58871
58872
58873
58874
58875
58876
58877
58878
58879
58880
58881
58882
58883
58885
58886
58887
58888
58889
58890
58891
58892
58893
58894
58895
58896
58897
58898
58899
58900
58901
58902
58903
58904
58905
58906
58907
58908
58909
58910
58911
58912
58913
58914
58915
58916
58917
58918
58919
58920
58921
58922
58923
58924
58925
58926
58927
58928
58929
58930
58931
58932
58933
58934
58935
58936
58937
58938
58939
58940
58941
58942
58943
58944
58945
58946
58947
58948
58949
58950
58951
58952
58953
58954
58955
58956
58957
58958
58959
58960
58961
58962
58963
58964
58965
58966
58968
58969
58970
58971
58972
58973
58974
58975
58976
58977
58978
58979
58980
58981
58982
58983
58984
58985
58986
58987
58988
58989
58990
58991
58992
58993
58994
58995
58996
58997
58998
58999
59000
59001
59002
59003
59004
59005
59006
59007
59008
59009
59010
59011
59012
59013
59014
59015
59016
59017
59018
59019
59020
59021
59022
59023
59024
59025
59026
59027
59028
59029
59030
59031
59032
59033
59034
59035
59036
59037
59038
59039
59040
59041
59042
59043
59044
59045
59046
59047
59048
59049
59050
59051
59052
59053
59054
59055
59056
59057
59058
59059
59060
59061
59062
59063
59064
59065
59066
59067
59068
59069
59070
59071
59072
59073
59074
59075
59076
59077
59078
59079
59080
59081
59082
59083
59084
59085
59086
59087
59088
59089
59090
59091
59092
59093
59094
59095
59096
59097
59098
59099
59100
59101
59102
59103
59104
59105
59106
59107
59108
59109
59110
59111
59112
59113
59114
59115
59116
59117
59118
59119
59120
59121
59122
59123
59124
59125
59126
59127
59128
59129
59130
59131
59132
59133
59134
59135
59136
59137
59138
59139
59140
59141
59142
59143
59144
59145
59146
59147
59148
59149
59150
59151
59152
59153
59154
59155
59156
59157
59158
59159
59160
59161
59162
59163
59164
59165
59166
59167
59168
59169
59170
59176
59177
59178
59179
59180
59181
59182
59183
59184
59185
59186
59187
59188
59189
59190
59191
59192
59193
59194
59195
59196
59197
59198
59199
59200
59201
59202
59203
59204
59205
59206
59207
59208
59209
59210
59211
59212
59213
59214
59215
59216
59217
59218
59219
59220
59221
59222
59223
59224
59225
59226
59227
59228
59229
59230
59231
59232
59233
59234
59235
59236
59237
59238
59239
59240
59241
59242
59243
59244
59245
59246
59247
59248
59249
59250
59251
59252
59253
59254
59255
59256
59257
59258
59259
59260
59261
59262
59263
59264
59265
59266
59267
59268
59269
59270
59271
59272
59273
59274
59275
59276
59277
59278
59279
59280
59281
59282
59283
59284
59285
59286
59287
59288
59289
59290
59291
59292
59293
59294
59295
59296
59297
59298
59299
59300
59301
59302
59303
59304
59305
59306
59307
59308
59309
59310
59311
59312
59313
59314
59315
59316
59317
59318
59319
59320
59321
59322
59323
59324
59325
59326
59327
59328
59329
59330
59331
59332
59333
59334
59335
59336
59337
59338
59339
59340
59433
59441
59445
59508
59537
59562
59723
59748
59750
59751
59752
59753
59754
59756
59758
59759
59760
59761
59897
59901
59903
59907
59912
59913
59918
59924
60158
60214
60510
60519
60575
60714
60724
60759
60761
60792
60817
60896
60897
60901
60904
60916
60924
60925
60929
60930
60933
60934
60935
60938
60946
60952
60955
60961
60971
60972
60988
61021
61058
61075
61121
61130
61140
61278
61370
61372
61374
61539
61588
61596
61597
61609
61618
61623
61801
61803
61941
61958
62004
62069
62099
62156
62158
62161
62218
62219
62223
62230
62235
62239
62242
62251
62272
62294
62483
62486
62487
62488
62490
62495
62497
62498
62499
62500
62503
62506
62509
62510
62512
62513
62514
62525
62527
62529
62530
62534
62539
62540
62544
62549
62551
62561
62562
62563
62566
62567
62570
62584
62592
62624
62625
62628
62636
62638
62653
62655
62670
62671
62697
62698
62710
62720
62722
62723
62731
62794
62807
62809
62821
62822
62824
62825
62827
62863
62868
62994
62995
63000
63007
63012
63083
63101
63166
63173
63176
63178
63280
63281
63302
63306
63345
63381
63413
63415
63426
63428
63429
63431
63446
63540
63542
63543
63545
63546
63660
63691
63749
63756
63830
63867
63868
63871
63886
64011
64014
64015
64063
64064
64068
64082
64096
64184
64285
64307
64352
64362
64413
64428
64437
64465
64549
64629
64642
64661
64664
64707
64717
64780
64829
64852
64903
64906
64907
64911
64913
64928
64931
64954
65115
65116
65117
65145
65299
65761
66362
66368
66373
66471
66472
66474
66476
66482
66483
66484
66485
66486
66487
66488
66489
66490
66491
66492
66493
66494
66495
66497
66532
66557
66589
66590
66591
66596
66601
66606
66627
66628
66630
66632
66633
66669
66703
66706
66713
66838
67978
67995
67996
68247
68351
68353
68354
68355
68357
68358
68359
68360
68361
68362
68363
68364
68365
68368
68372
68379
68380
68414
68504
68505
68507
68648
68652
68721
68727
68729
68761
68816
68818
68883
68884
68912
68921
68935
68987
68988
68996
68998
69092
69094
69101
69107
69155
69160
69161
69191
69259
69262
69264
69266
69267
69268
69276
69282
69344
69351
69404
69416
69504
69505
69507
69513
69514
69515
69596
69600
69601
69605
69614
69657
69659
69679
69767
69967
69969
69990
69992
70004
70140
70151
70152
70153
70155
70181
70196
70333
70474
70541
70543
70544
70548
70562
70567
70582
70584
70702
70742
70767
70775
70777
70844
70845
70913
70920
70941
70960
70961
71004
71005
71006
71007
71010
71011
71017
71019
71098
71100
71151
71152
71156
71158
71164
71227
71230
71241
71244
71248
71261
71262
71263
71290
71323
71337
71373
71406
71410
71411
71490
71497
71608
71609
71613
71623
71627
71640
71645
71674
71787
71788
71790
71791
71793
71794
71801
71811
71829
71858
71880
71883
71885
71886
71904
71932
71936
71998
72065
72073
72074
72076
72107
72163
72170
72180
72250
72252
72302
72304
72305
72312
72313
72316
72333
72369
72373
72374
72379
72446
72519
72520
72522
72533
72577
72662
72663
72671
72673
72683
72697
72698
72712
72734
72752
72754
72781
72790
72828
72861
72878
72929
72931
72976
72977
72983
72996
73002
73009
73023
73028
73038
73059
73090
73091
73101
73139
73140
73247
73255
73339
73342
73418
73426
73450
73456
73503
73508
73516
73551
73678
73689
73690
73692
73700
73705
73709
73712
73716
73719
73733
73745
73770
73880
73944
74009
74015
74084
74087
74200
74203
74204
74209
74213
74221
74228
74231
74242
74246
74255
74307
74336
74411
74418
74541
74606
74607
74608
74689
74695
74714
74794
74852
74866
74867
74873
74929
74938
75019
75053
75133
75238
75239
75251
75255
75269
75329
75330
75331
75332
75339
75340
75342
75349
75351
75352
75356
75359
75360
75367
75368
75370
75374
75387
75390
75435
75487
75511
75532
75599
75602
75607
75614
75637
75664
75671
75672
75684
75785
75789
75816
75839
75852
75856
75859
75872
75941
75959
76013
76015
76019
76020
76022
76043
76116
76147
76187
76191
76194
76195
76262
76318
76323
76353
76368
76375
76381
76510
76541
76543
76545
76546
76553
76562
76587
76611
76612
76614
76616
76623
76625
76772
76773
76781
76790
76791
76795
76797
76800
76811
76872
76892
76962
76963
76964
76969
76971
76972
76976
76977
76978
76979
76981
76983
76986
76987
77012
77029
77065
77076
77080
77082
77107
77110
77120
77124
77154
77168
77200
77339
77393
77538
77539
77640
77769
77901
78020
78062
78069
78072
78134
78142
78209
78258
78267
78268
78271
78298
78344
78346
78349
78356
78357
78359
78363
78384
78448
78451
78458
78547
78548
78550
78552
78554
78618
78820
78881
78908
78909
78928
78934
78936
79043
79044
79050
79101
79103
79137
79167
79170
79174
79197
79201
79249
79275
79307
79312
79317
79341
79473
79545
79549
79556
79558
79576
79605
79687
79781
79782
79783
79785
79787
79789
79914
79916
79923
79927
80039
80050
80093
80379
80380
80385
80389
80637
80965
80995
80996
80999
81025
81033
81089
81091
81093
81094
81097
81104
81109
81123
81213
81227
81369
81386
81395
81401
81441
81442
81443
81444
81445
81446
81447
81448
81449
81450
81451
81452
81454
81455
81456
81457
81458
81459
81460
81461
81462
81463
81464
81465
81466
81467
81468
81470
81471
81472
81473
81474
81475
81479
81481
81482
81484
81502
81506
81546
81551
81556
81557
81563
81573
81574
81575
81596
81609
81610
81611
81612
81613
81615
81621
81627
81630
81643
81645
81646
81647
81653
81654
81655
81705
82079
82080
82081
82082
82084
82086
82087
82088
82089
82090
82091
82092
82093
82094
82095
82096
82097
82098
82099
82100
82101
82102
82103
82104
82105
82106
82107
82108
82109
82110
82111
82112
82113
82114
82115
82116
82117
82118
82119
82120
82121
82122
82123
82124
82125
82126
82127
82128
82129
82130
82131
82132
82133
82134
82135
82136
82137
82138
82139
82140
82141
82142
82143
82144
82145
82146
82147
82148
82149
82150
82151
82152
82153
82154
82156
82157
82158
82159
82161
82162
82163
82169
82170
82171
82172
82173
82174
82175
82176
82177
82178
82179
82182
82183
82184
82185
82186
82187
82189
82190
82191
82192
82193
82195
82196
82197
82198
82199
82200
82202
82206
82207
82208
82209
82215
82217
82220
82221
82227
82229
82230
82232
82234
82238
82239
82241
82243
82245
82246
82247
82249
82251
82252
82253
82255
82259
82260
82261
82262
82263
82264
82265
82266
82267
82268
82269
82270
82285
82295
82297
82322
82335
82339
82340
82346
82349
82354
82358
82359
82365
82369
82372
82374
82377
82382
82385
82388
82400
82403
82404
82415
82420
82421
82429
82430
82431
82434
82440
82444
82456
82460
82476
82479
82489
82493
82497
82499
82500
82501
82509
82513
82519
82521
82527
82530
82531
82535
82546
82550
82552
82558
82566
82570
82582
82593
82606
82620
82623
82634
82635
82646
82671
82673
82678
82683
82698
82747
82764
82843
82878
82881
82894
82905
82920
82942
82974
82992
83000
83079
83105
83164
83170
83208
83213
83225
83229
83311
83313
83317
83318
83375
83408
83414
83442
83494
83500
83522
83556
83592
83700
83733
83754
83767
83842
83898
83903
83922
83969
84031
84032
84054
84059
84060
84061
84062
84063
84066
84078
84080
84082
84094
84096
84097
84098
84099
84100
84101
84102
84103
84104
84105
84106
84107
84110
84111
84112
84113
84114
84115
84116
84119
84159
84169
84172
84187
84188
84206
84216
84247
84259
84267
84320
84327
84346
84372
84380
84393
84421
84502
84511
84517
84539
84686
84694
84746
84761
84766
84860
84878
84883
84907
84914
84961
85131
85153
85158
85230
85235
85242
85368
85377
85442
85571
85632
85645
85898
85899
85918
85925
85926
85938
85951
86014
86041
86093
86104
86356
86421
86557
86743
86815
86834
87020
87054
87067
87079
87144
87164
87169
87213
87245
87256
87261
87387
87492
87534
87632
87669
87847
87911
87981
88121
88137
88141
88159
88247
88250
88251
88252
88253
88254
88255
88256
88257
88258
88259
88260
88261
88262
88263
88264
88265
88266
88267
88268
88270
88271
88272
88277
88283
88284
88286
88287
88299
88316
88320
88326
88336
88337
88338
88339
88344
88348
88349
88350
88358
88359
88360
88361
88363
88366
88367
88368
88370
88371
88372
88373
88374
88375
88376
88377
88385
88388
88390
88392
88394
88405
88407
88409
88410
88414
88415
88416
88468
88477
88526
88543
88564
88566
88578
88628
88641
88676
88753
88761
89172
89173
89184
89187
89191
89193
89194
89195
89196
89197
89198
89199
89200
89201
89202
89203
89204
89205
89206
89207
89208
89209
89210
89211
89212
89213
89214
89215
89216
89217
89218
89219
89220
89221
89222
89223
89224
89225
89226
89227
89228
89229
89230
89231
89232
89233
89234
89235
89236
89237
89238
89239
89240
89241
89243
89244
89245
89246
89247
89248
89250
89251
89254
89255
89257
89258
89259
89260
89261
89262
89264
89265
89266
89267
89268
89269
89270
89271
89272
89273
89278
89283
89288
89289
89290
89292
89293
89294
89296
89297
89298
89300
89301
89306
89307
89308
89309
89310
89313
89316
89337
89338
89349
89353
89354
89358
89359
89363
89366
89374
89377
89380
89381
89392
89396
89401
89404
89406
89409
89415
89416
89419
89421
89422
89424
89425
89426
89430
89434
89436
89439
89445
89449
89450
89460
89462
89468
89469
89479
89484
89489
89495
89500
89503
89504
89511
89514
89521
89522
89524
89526
89529
89531
89533
89534
89547
89570
89571
89572
89579
89580
89581
89585
89597
89601
89607
89615
89622
89628
89645
89650
89663
89664
89665
89694
89700
89707
89709
89710
89713
89723
89741
89768
89772
89774
89779
89799
89810
89817
89841
89846
89847
89857
89860
89862
89884
89893
89917
89925
89928
89932
89939
89977
89984
90007
90017
90057
90080
90082
90181
90190
90214
90248
90271
90463
90478
90486
90505
90544
90574
90593
90646
90666
90703
90750
90754
90943
90949
90960
90964
90993
91065
91076
91086
91091
91107
91109
91110
91112
91115
91125
91126
91127
91129
91130
91132
91139
91140
91142
91143
91144
91145
91146
91147
91148
91149
91150
91151
91152
91153
91154
91155
91175
91198
91214
91225
91253
91293
91311
91312
91369
91371
91378
91393
91426
91462
91483
91611
91630
91631
91678
91762
91827
91879
92094
92139
92160
92161
92190
92193
92197
92198
92221
92229
92263
92304
92326
92381
92383
92386
92388
92391
92398
92429
92436
92480
92481
92506
92549
92594
92633
92757
92773
92808
92848
93077
93116
93119
93180
93426
93442
93525
93612
93641
93728
93838
93894
93936
94039
94057
94081
94086
94095
94195
94229
94239
94248
94780
94998
95025
95062
95063
95064
95067
95069
95070
95071
95072
95073
95074
95075
95076
95077
95078
95079
95080
95081
95084
95089
95090
95097
95098
95099
95100
95101
95103
95120
95122
95134
95137
95139
95149
95152
95153
95155
95158
95159
95173
95174
95176
95179
95180
95182
95183
95185
95190
95191
95192
95193
95195
95197
95198
95199
95200
95203
95205
95208
95209
95210
95221
95225
95233
95246
95249
95255
95271
95296
95321
95323
95329
95399
95403
95539
95570
95624
95721
95761
95857
95860
95928
95930
95932
95933
95934
95935
95938
95940
95941
95943
95944
95945
95946
95947
95948
95949
95950
95951
95952
95953
95954
95955
95956
95957
95958
95959
95961
95962
95963
95964
95965
95966
95970
95971
95973
95975
95976
95977
95978
95979
95980
95981
95982
95989
95990
95993
95996
95999
96002
96007
96010
96015
96017
96029
96030
96035
96050
96054
96070
96071
96072
96081
96094
96096
96105
96106
96110
96113
96114
96117
96127
96154
96163
96172
96174
96178
96189
96195
96196
96205
96212
96219
96222
96230
96246
96258
96261
96278
96284
96291
96302
96319
96336
96337
96345
96350
96361
96381
96382
96384
96388
96407
96441
96475
96485
96496
96500
96515
96530
96531
96533
96534
96549
96583
96588
96638
96644
96645
96653
96663
96682
96689
96772
96795
96800
96867
96878
96880
96912
96913
96939
96946
96947
96985
97159
97184
97188
97318
97357
97377
97386
97390
97427
97477
97481
97573
97598
97609
97622
97632
97635
97687
97694
97695
97696
97698
97699
97700
97701
97706
97716
97720
97721
97723
97724
97725
97737
97738
97739
97740
97741
97742
97798
97806
97889
97898
97919
97921
97935
97936
97958
97967
97991
98063
98085
98117
98142
98347
98421
98422
98505
98514
98573
98582
98587
98676
98677
98682
98721
99080
99178
99182
99227
99394
99395
99517
99552
99638
99702
99765
99864
99934
100662
101108
101120
101436
101438
101440
101460
101522
101544
101545
101546
101548
101551
101552
101553
101554
101555
101565
101571
101585
101586
101591
101593
101594
101600
101602
101625
101626
101629
101641
101771
101776
101782
101846
101884
101903
101912
101930
101941
101957
101964
101976
102045
102054
102067
102071
102082
102102
102132
102173
102177
102187
102192
102193
102194
102195
102196
102197
102198
102199
102200
102201
102202
102203
102204
102205
102206
102208
102209
102210
102212
102213
102217
102218
102219
102221
102222
102223
102225
102226
102228
102229
102230
102231
102238
102242
102245
102249
102252
102253
102254
102256
102259
102260
102261
102262
102271
102287
102288
102291
102299
102300
102305
102306
102315
102317
102319
102321
102323
102326
102331
102334
102339
102341
102347
102349
102352
102354
102355
102357
102359
102393
102399
102404
102406
102407
102408
102411
102426
102446
102448
102456
102459
102466
102469
102474
102478
102481
102482
102496
102498
102501
102502
102503
102504
102521
102537
102539
102546
102548
102563
102584
102617
102651
102671
102689
102692
102693
102708
102709
102725
102735
102746
102749
102758
102767
102784
102822
102839
102882
102932
102935
102939
102950
103040
103041
103048
103179
103234
103255
103262
103319
103320
103408
103542
103593
103614
103622
103625
103634
103649
103681
103690
103705
103728
103754
103766
103802
103804
103814
103816
103824
103825
103826
103827
103828
103840
103842
103879
103886
103896
103982
104050
104064
104080
104106
104144
104155
104166
104171
104182
104208
104223
104226
104264
104267
104268
104345
104346
104377
104406
104414
104466
104476
104544
104572
104588
104694
104702
104707
104752
104799
104818
105001
105002
105076
105136
105312
105313
105321
105337
105427
105619
105654
105827
105846
106464
106517
106522
106540
106740
106975
107374
107375
107377
107378
107380
107381
107382
107383
107384
107385
107390
107391
107411
107412
107422
107424
107431
107432
107433
107434
107435
107436
107438
107439
107440
107442
107443
107447
107449
107453
107454
107455
107456
107457
107459
107461
107462
107468
107475
107477
107478
107482
107484
107485
107486
107487
107502
107508
107513
107515
107517
107521
107572
107648
107692
107707
107727
107729
107738
107769
107939
107999
108073
108074
108075
108076
108077
108078
108079
108080
108081
108082
108083
108084
108085
108086
108087
108089
108092
108095
108096
108097
108102
108110
108111
108112
108114
108115
108140
108148
108157
108159
108160
108166
108168
108172
108174
108176
108177
108180
108183
108186
108187
108188
108189
108191
108201
108214
108219
108221
108224
108228
108229
108235
108239
108258
108263
108264
108267
108270
108272
108284
108302
108306
108321
108325
108328
108330
108353
108360
108367
108376
108381
108386
108393
108405
108409
108440
108453
108464
108469
108489
108491
108492
108499
108501
108526
108532
108557
108581
108583
108600
108647
108693
108849
108901
108917
109015
109068
109078
109100
109123
109330
109331
109478
109586
109607
109620
109621
109635
109636
109648
109649
109650
109651
109652
109654
109731
109763
109776
109787
109790
109800
109821
109856
109867
109898
109923
110001
110066
110072
110159
110235
110240
110281
110320
110365
110405
110480
110485
110504
110564
110591
110735
110866
110976
111088
111222
111244
111313
112122
112324
112385
112390
112512
112552
112610
112739
112955
112973
112975
112976
112977
112978
112979
112980
112981
112982
112983
112984
112985
112986
112987
112988
112989
112990
112993
112998
113000
113002
113003
113011
113025
113026
113027
113028
113030
113031
113037
113039
113041
113050
113068
113075
113076
113077
113081
113082
113086
113087
113088
113090
113091
113093
113137
113155
113169
113181
113237
113267
113281
113404
113434
113487
113585
113589
113607
113608
113609
113610
113612
113613
113614
113615
113617
113618
113619
113620
113621
113622
113623
113624
113625
113627
113631
113636
113637
113643
113645
113651
113652
113653
113654
113664
113670
113699
113700
113706
113718
113722
113723
113725
113726
113734
113735
113738
113740
113741
113747
113751
113752
113759
113767
113768
113770
113772
113782
113784
113790
113793
113795
113804
113805
113811
113812
113813
113814
113817
113818
113828
113829
113838
113846
113852
113857
113864
113869
113879
113881
113884
113887
113893
113897
113898
113910
113912
113913
113929
113940
113943
113959
114016
114023
114024
114025
114030
114067
114082
114103
114126
114128
114129
114130
114131
114133
114134
114135
114136
114137
114139
114140
114173
114181
114184
114194
114208
114234
114238
114239
114265
114339
114387
114411
114433
114468
114469
114481
114490
114493
114495
114520
114530
114531
114540
114541
114546
114552
114613
114640
114644
114645
114646
114685
114692
114699
114719
114759
114760
114761
114791
114797
114806
114807
114809
114846
114871
114884
114951
114960
114969
115045
115060
115117
115166
115172
115238
115276
115310
115311
115312
115320
115322
115332
115400
115406
115430
115440
115441
115506
115585
115644
115657
115675
115737
115740
115811
115832
115902
115951
115956
116119
116139
116157
116193
116201
116258
116336
116342
116394
116596
116670
116701
116742
116743
116927
116935
117046
117633
117744
117775
117786
118017
118037
118177
118228
118255
118411
118558
118652
118653
118654
118655
118656
118657
118658
118659
118660
118664
118665
118666
118671
118673
118683
118701
118702
118711
118712
118715
118724
118730
118740
118743
118744
118745
118746
118747
118748
118749
118751
118754
118757
118761
118769
118782
118808
118940
119086
119095
119105
119106
119137
119220
119221
119222
119225
119227
119228
119229
119231
119237
119238
119239
119240
119245
119250
119252
119253
119261
119262
119263
119272
119286
119292
119320
119332
119333
119339
119345
119349
119350
119353
119354
119355
119357
119360
119364
119369
119372
119374
119375
119376
119381
119383
119385
119390
119400
119401
119406
119410
119414
119418
119442
119446
119448
119452
119453
119456
119469
119471
119477
119478
119488
119505
119519
119520
119521
119522
119523
119524
119526
119530
119535
119538
119546
119551
119560
119573
119575
119585
119603
119614
119628
119630
119638
119648
119662
119667
119683
119685
119696
119697
119730
119731
119743
119772
119776
119787
119795
119821
119839
119850
119861
119877
119890
119900
119936
119944
120012
120024
120036
120069
120092
120219
120442
120517
120530
120610
120633
120697
120702
120715
120778
120785
120788
120809
120825
120828
120829
120858
120915
120943
120986
121004
121013
121016
121038
121069
121090
121109
121156
121168
121171
121216
121298
121420
121508
121651
121687
122069
122074
122111
122155
122303
122305
122471
122625
122673
122756
123380
123537
123703
124600
124611
124618
124651
124698
124701
124702
124705
124706
124707
124710
124715
124716
124721
124723
124725
124728
124731
124741
124745
124753
124760
124763
124772
124773
124775
124776
124777
124778
124779
124780
124782
124814
124817
124818
124819
124820
124822
124824
124825
124836
124842
124843
124849
124850
124856
124866
124901
124917
124939
124986
125077
125179
125279
125280
125360
125458
125459
125460
125462
125464
125465
125466
125467
125468
125469
125471
125474
125475
125477
125478
125481
125482
125483
125486
125488
125503
125505
125506
125507
125508
125515
125529
125537
125544
125554
125563
125571
125575
125576
125578
125582
125583
125585
125593
125598
125601
125603
125604
125605
125611
125614
125615
125631
125634
125641
125651
125654
125656
125659
125662
125665
125669
125676
125679
125683
125686
125688
125694
125696
125699
125711
125715
125717
125719
125722
125726
125727
125748
125758
125760
125762
125780
125789
125803
125809
125818
125821
125823
125831
125849
125889
125897
125898
125909
125911
126041
126043
126070
126094
126142
126167
126171
126180
126197
126201
126206
126387
126401
126416
126452
126467
126506
126514
126524
126536
126634
126654
126791
126873
126876
126905
126920
126991
127021
127024
127026
127037
127067
127074
127076
127084
127089
127106
127139
127176
127213
127216
127241
127261
127317
127322
127368
127388
127440
127442
127465
127488
127489
127512
127522
127588
127699
127703
127740
127761
127778
127781
127845
127856
127900
127906
127913
127947
128047
128206
128239
128267
128284
128342
128412
128459
128480
128538
128576
128656
128745
128836
128957
129044
129200
129304
129309
129388
129917
129996
130025
130047
130194
130237
130614
130626
130729
130900
130901
130936
130947
130966
130967
130968
130970
130971
130972
130973
130974
130977
130978
130984
130987
130988
130989
130990
130991
130992
130994
130995
130996
130998
131012
131031
131033
131034
131035
131036
131037
131038
131039
131040
131042
131043
131044
131045
131046
131047
131054
131055
131066
131067
131068
131071
131072
131083
131086
131128
131130
131135
131137
131140
131176
131271
131300
131350
131357
131404
131406
131411
131425
131482
131627
131630
131633
131634
131635
131636
131638
131640
131645
131647
131652
131653
131659
131665
131681
131688
131704
131705
131724
131726
131739
131740
131754
131755
131756
131762
131763
131772
131775
131776
131781
131787
131794
131795
131797
131806
131816
131817
131823
131825
131827
131828
131843
131859
131864
131873
131879
131925
131943
131959
131990
132014
132044
132073
132089
132102
132103
132139
132144
132160
132198
132222
132226
132231
132307
132334
132397
132409
132426
132429
132461
132549
132557
132565
132736
132777
132816
132883
132887
132950
133006
133008
133015
133032
133055
133058
133123
133172
133176
133237
133323
133330
133410
133466
133505
133570
133573
133614
133760
133905
134416
134532
134539
134681
134872
134905
135158
135193
135242
135305
135599
135678
135712
135971
135978
135997
136174
136233
136237
136238
136241
136242
136243
136247
136251
136253
136265
136267
136268
136269
136272
136274
136275
136276
136280
136282
136283
136284
136286
136323
136337
136455
136474
136485
136497
136554
136604
136740
136742
136743
136744
136746
136748
136755
136760
136764
136805
136814
136823
136826
136827
136828
136831
136834
136836
136841
136843
136846
136847
136850
136852
136853
136854
136859
136870
136871
136872
136876
136881
136884
136887
136888
136890
136892
136897
136901
136904
136910
136920
136928
136934
136942
136946
136950
136961
136963
136964
136965
136999
137000
137009
137016
137032
137049
137051
137064
137075
137169
137178
137181
137214
137248
137249
137284
137287
137314
137407
137417
137609
137660
137725
137729
137787
137912
137946
138013
138050
138088
138122
138141
138153
138154
138212
138266
138267
138321
138329
138400
138442
138490
138492
138611
138639
138691
138716
138759
138967
138994
138998
139054
139178
139239
139257
139333
139343
139525
139553
139594
139771
140143
140402
140785
141128
141230
141231
141232
141233
141234
141235
141236
141238
141239
141240
141254
141272
141299
141316
141317
141319
141321
141362
141363
141397
141475
141552
141570
141584
141602
141646
141705
141768
141769
141772
141774
141775
141776
141815
141818
141822
141824
141826
141832
141833
141834
141835
141844
141848
141849
141850
141858
141862
141874
141886
141898
141899
141900
141901
141903
141914
141927
141937
141943
141951
141957
141966
141971
141979
141994
141997
142019
142021
142029
142038
142040
142060
142133
142146
142147
142148
142181
142185
142241
142248
142310
142351
142413
142420
142470
142498
142585
142606
142607
142614
142616
142644
142782
143045
143086
143094
143140
143192
143217
143324
143564
143700
143716
143731
143855
144365
144746
145412
145441
145473
145477
145512
145608
145907
146518
146519
146523
146540
146562
146577
146582
146589
146595
146598
146599
146603
146620
146624
146629
146631
146696
146929
147123
147133
147134
147135
147136
147138
147142
147150
147151
147155
147157
147173
147179
147196
147198
147200
147201
147202
147224
147227
147235
147236
147240
147241
147248
147251
147261
147267
147270
147289
147290
147299
147315
147316
147324
147348
147374
147375
147385
147387
147402
147406
147429
147449
147452
147472
147493
147551
147566
147569
147576
147601
147649
147664
147713
147774
147777
147834
147934
147942
148199
148301
148313
148317
148381
148535
148547
148878
148891
148899
149057
149086
149219
149248
149383
149395
149460
149654
150720
150976
151199
151369
151498
151499
151561
151562
151564
151569
151575
151578
151579
151580
151594
151605
151606
151607
151608
151609
151610
151611
151615
151629
151655
151656
151659
151662
151694
151813
151991
152007
152022
152093
152103
152153
152170
152231
152284
152385
152438
152440
152485
152530
152553
152725
152918
152950
153064
153065
153133
153287
153290
153301
153302
153307
153309
153310
153314
153318
153319
153320
153333
153334
153343
153345
153348
153351
153354
153355
153356
153357
153358
153363
153382
153386
153387
153391
153395
153400
153424
153428
153447
153509
153517
153528
153545
153552
153578
153615
153626
153629
153638
153641
153675
153678
153810
153811
153834
153836
153865
153897
153902
153919
153957
153977
154023
154156
154217
154419
154511
154516
154517
154531
154560
154606
154607
154608
154616
154618
154619
154620
154622
154664
154707
154715
154721
154743
154820
154821
154826
154846
154930
154933
154934
154935
154936
154938
154939
154941
154945
154947
154976
154989
154992
155002
155089
155092
155097
155143
155273
155274
155275
155276
155277
155290
155291
155292
155294
155295
155297
155509
155513
155528
155554
155555
155556
155557
155558
155559
155560
155561
155562
155563
155568
155569
155572
155600
155601
155602
155603
155605
155697
155707
155733
155735
155805
155806
155822
155829
155884
155893
156022
156052
156152
156154
156268
156510
156644
156645
156647
156648
156649
156660
156667
156682
156707
156730
156858
156896
156897
156898
157024
157051
157175
157245
157271
157300
157353
157354
157381
157405
157430
157453
157510
157513
157520
157521
157544
157548
157549
157551
157572
157594
157641
157643
157644
157658
157667
157880
157884
157892
157916
157966
157968
157969
158042
158137
158144
158145
158146
158147
158159
158168
158195
158219
158252
158418
158424
158553
158575
158614
158646
158685
158763
158783
158902
158933
158936
158999
159005
159066
159450
159459
159513
159546
159680
159746
159753
159893
159896
159899
159903
159968
159978
159988
160104
160105
160108
160109
160123
160157
160180
160185
160187
160188
160194
160204
160274
160313
160325
160353
160387
160456
160464
160468
160476
160480
160546
160550
160560
160564
160685
160764
160832
160834
160836
160844
160845
160850
160853
160861
160954
161017
161042
161089
161090
161091
161095
161099
161124
161164
161241
161250
161324
161328
161331
161332
161335
161336
161337
161340
161345
161360
161370
161497
161498
161567
161579
161582
161727
161827
161895
161963
161985
161989
161998
162009
162216
162220
162226
162227
162229
162234
162237
162373
162452
162494
162498
162500
162536
162579
162583
162588
162590
162601
162602
162603
162613
162628
162762
162768
162771
162792
162800
162824
162874
162894
162939
162991
162996
163002
163103
163105
163106
163112
163117
163118
163183
163184
163187
163189
163342
163366
163370
163372
163380
163382
163383
163425
163478
163596
163650
163756
163759
163762
163852
163853
163872
163922
163925
163937
163963
164082
164159
164187
164242
164310
164315
164343
164391
164461
164462
164464
164485
164508
164515
164522
164524
164526
164533
164555
164556
164557
164601
164800
164802
164818
164863
164864
164879
164883
165002
165064
165071
165090
165235
165273
165280
165289
165298
165299
165382
165406
165407
165462
165493
165580
165588
165592
165651
165652
165653
165654
165655
165656
165657
165658
165659
165660
165662
166089
166090
166104
166108
166113
166114
166115
166122
166128
166129
166135
166311
166314
166437
166454
166502
166504
166578
166582
166588
166605
166700
166705
166712
166715
166716
166773
166817
166837
166847
166870
166878
166881
166884
166971
167149
167153
167154
167166
167168
167195
167282
167341
167402
167442
167443
167452
167510
167511
167513
167521
167598
167603
167653
167822
167833
167834
167839
167871
167907
167977
167988
168190
168192
168201
168281
168420
168422
168429
168437
168460
168508
168610
168626
168786
168797
168821
168903
168945
169041
169122
169190
169195
169216
169225
169283
169294
169379
169380
169381
169434
169436
169443
169446
169447
169524
169616
169617
169620
169624
169644
169723
169731
169740
169744
169759
169798
169867
169928
169929
169936
170021
170035
170096
170097
170204
170210
170300
170302
170311
170314
170342
170423
170427
170431
170574
170663
170668
170672
170685
170686
170698
170709
170711
170712
170718
170729
170731
170736
170739
170755
170761
170808
170820
170822
170827
170846
170878
170893
170894
170903
170904
170913
170918
170988
171026
171036
171046
171107
171136
171179
171207
171274
171324
171382
171384
171540
171584
171632
171685
171753
171953
172022
172052
172325
172427
172435
172485
172615
172817
172826
172839
173029
173197
173383
173406
173781
173945
173947
173949
173950
173951
173952
173955
173956
173961
173975
174128
174150
174268
174308
174380
174427
174434
174441
174454
174455
174459
174460
174461
174462
174463
174469
174471
174472
174475
174480
174481
174482
174485
174486
174489
174492
174493
174498
174500
174503
174508
174514
174538
174545
174548
174552
174554
174558
174601
174605
174638
174650
174658
174685
174687
174726
174766
174795
174881
175003
175006
175116
175173
175291
175333
175586
175596
175796
175807
175907
175961
176036
176422
176498
176506
176582
176583
176640
176795
176930
177063
177178
177325
177660
177891
178032
178033
178043
178047
178067
178315
178500
178501
178507
178509
178511
178516
178539
178541
178542
178544
178549
178553
178554
178556
178557
178563
178566
178568
178575
178591
178613
178615
178620
178621
178626
178630
178632
178646
178670
178689
178760
178785
178946
179024
179078
179446
179458
179524
179591
179924
179943
179990
179996
180005
180098
180150
180224
180284
180358
180486
180556
180607
180732
180797
180908
181158
181657
181658
181933
181934
181945
181967
182006
182193
182208
182241
182260
182263
182266
182269
182271
182290
182291
182303
182317
182334
182336
182349
182357
182359
182361
182374
182396
182401
182408
182427
182431
182437
182449
182454
182456
182474
182479
182493
182515
182618
182636
182664
182712
182728
182737
182740
182741
182808
182819
182843
182862
182919
183311
183369
183538
183582
183704
183828
184188
184231
184238
184266
184634
184674
184950
185140
185594
185668
185765
185770
185771
185772
185773
185778
185900
185922
186022
186103
186147
186200
186226
186234
186239
186242
186247
186249
186252
186253
186256
186257
186260
186263
186264
186285
186286
186296
186316
186350
186372
186400
186416
186453
186506
186516
186548
186582
186623
186823
186910
187247
187526
187528
187586
187671
187770
187957
188473
188844
188869
189051
189500
189526
189529
189532
189536
189542
189637
189758
189865
189866
189867
189870
189871
189872
189877
189878
189887
189902
189916
189919
189921
189922
189924
189925
189926
189928
189929
189937
189945
189948
189949
189953
189957
189969
189980
189983
190003
190005
190011
190014
190018
190024
190028
190070
190097
190098
190139
190142
190145
190161
190187
190242
190300
190305
190426
190475
190502
190618
190665
190770
190812
191014
191335
191365
191402
191446
191516
191777
191996
192055
192552
192967
193278
193280
193284
193291
193312
193554
193555
193620
193634
193635
193645
193654
193656
193659
193668
193678
193688
193691
193706
193712
193721
193730
193731
193739
193741
193752
193770
193796
193809
193814
193816
193829
193848
193851
193859
193896
193917
193958
193984
194007
194087
194152
194176
194274
194314
194437
194520
194847
194884
194885
195054
195215
195337
195395
195416
195442
195659
195926
196292
196380
196504
196655
196918
197138
197169
197170
197174
197175
197177
197183
197184
197185
197187
197214
197255
197278
197288
197319
197385
197493
197541
197569
197645
197648
197649
197656
197664
197685
197687
197710
197721
197731
197736
197739
197749
197752
197763
197783
197787
197791
197803
197813
197828
197852
197861
197912
197932
197933
197985
197998
198051
198120
198163
198219
198356
198397
198432
198487
198556
198637
198654
198770
198805
199052
199085
199126
199176
199190
199191
199286
199404
199811
199917
199943
200222
200295
200342
200583
200683
200686
200897
200924
201108
201109
201111
201112
201113
201116
201144
201187
201226
201264
201306
201321
201352
201484
201495
201528
201529
201531
201533
201541
201549
201550
201555
201556
201559
201560
201618
201632
201637
201681
201709
201719
201849
201902
202025
202113
202481
202528
202556
202560
202644
202664
202676
202803
203041
203072
203186
203434
203437
203459
203551
203729
204533
204653
204694
204712
204946
204948
204949
204950
204951
204952
204957
204978
205173
205313
205315
205317
205319
205320
205337
205344
205348
205349
205350
205357
205360
205361
205363
205366
205368
205370
205375
205380
205382
205384
205394
205399
205403
205409
205412
205414
205436
205442
205452
205457
205464
205469
205471
205472
205501
205510
205586
205619
205741
205845
205906
206034
206486
206492
206518
206618
206925
206936
206946
207137
207188
207190
207364
207380
207472
207616
207954
208580
208619
208745
209034
209037
209056
209205
209213
209322
209512
209514
209520
209536
209545
209546
209549
209558
209575
209576
209577
209585
209594
209600
209617
209630
209631
209662
209675
209689
209731
209738
209766
209787
209816
209817
210156
210168
210177
210197
210238
210335
210360
210507
210701
210913
211101
211328
211586
212069
212337
212338
212682
212685
212688
212692
212715
213044
213117
213119
213128
213136
213148
213151
213156
213159
213161
213171
213173
213177
213190
213192
213199
213205
213211
213217
213222
213268
213336
213356
213361
213458
213474
213524
213693
213736
213737
213796
213812
213972
214014
214256
214277
214487
214503
214542
214554
214580
214759
214798
214881
215528
215748
215772
216065
216333
216478
216479
216540
216559
216560
216563
216564
216565
216589
216618
216620
216658
216665
216703
216770
216912
216963
217044
217097
217101
217213
217216
217219
217226
217227
217256
217301
217370
217379
217382
217867
217920
217991
218031
218044
218106
218238
218239
218245
218246
218247
218254
218255
218261
218262
218263
218266
218309
218368
218406
218473
218522
218645
218676
218712
218718
218759
218767
218776
218796
218797
218811
218812
218850
218886
218887
218888
219185
219307
219351
219354
219359
219363
219365
219371
219394
219564
219672
219692
219754
219770
219773
219775
219781
219858
219918
219925
219930
219937
219939
219949
219985
220000
220025
220107
220115
220144
220229
220311
220326
220390
220478
220483
220484
220490
220496
220500
220562
220651
220684
220768
220775
220795
220798
220811
221008
221024
221025
221030
221031
221032
221034
221169
221185
221258
221264
221371
221374
221416
221492
221561
221568
221572
221605
221794
221805
221811
221913
221914
221929
221990
221996
222020
222165
222171
222192
222233
222371
222374
222448
222455
222456
222544
222690
222695
222697
222704
222712
222943
222944
222954
223090
223092
223230
223234
223235
223236
223267
223287
223395
223492
223628
223630
223631
223637
223686
223803
223809
223848
224073
224133
224136
224143
224240
224370
224516
224523
224527
224534
224540
224550
224599
224721
224749
224756
224786
224814
224913
224920
224921
225043
225045
225138
225139
225160
225270
225351
225456
225465
225478
225514
225548
225595
225704
225776
225778
225779
225784
225785
225789
226144
226398
226402
226405
226591
226592
226704
226705
226708
226736
226826
226855
226919
226921
226930
226941
227015
227027
227045
227067
227075
227121
227260
227265
227266
227370
227373
227376
227384
227401
227626
227708
227713
227717
228159
228162
228165
228262
228266
228271
228396
228463
228482
228571
228770
228773
228789
228828
228888
228972
228973
229031
229039
229135
229227
229256
229326
229457
229460
229491
229761
229766
229873
229930
230010
230011
230113
230115
230204
230209
230215
230226
230287
230354
230368
230370
230401
230462
230554
230935
231060
231150
231186
231187
231190
231270
231392
231466
231473
231480
231490
231631
231710
231715
231719
231739
231824
231893
231955
231957
232079
232082
232101
232102
232104
232110
232133
232291
232302
232316
232368
232370
232371
232372
232373
232383
232387
232390
232395
232399
232400
232430
232432
232459
232476
232768
232773
232823
232853
232932
232933
233126
233203
233251
233252
233253
233254
233266
233301
233314
233338
233409
233410
233424
233649
233650
233678
233679
233683
233686
233697
233701
233714
233721
233725
233731
233733
233735
233755
233785
233791
233795
233813
233824
233842
233882
233929
233939
233947
233957
233974
234005
234049
234561
234600
234682
234927
235042
235497
235525
235944
236092
236465
236472
236523
236524
236531
236544
236596
236612
236618
236624
236818
236819
236885
236899
236934
236938
236951
236952
236955
236956
236964
236966
236969
236973
236977
236992
236994
237084
237103
237108
237109
237135
237162
237184
237185
237187
237202
237218
237290
237305
237381
237423
237426
237436
237596
237669
237714
237792
237802
237895
237996
238100
238139
238353
238363
238511
238539
238583
238661
239234
239441
239474
239528
239904
240040
240048
240214
240357
240484
240485
240487
240499
240500
240501
240502
240503
240504
240505
240506
240507
240508
240516
240519
240526
240535
240536
240542
240543
240547
240562
240565
240571
240574
240577
240582
240592
240614
240622
240645
240646
240659
240695
240699
240700
240709
240726
240792
240959
240963
241072
241321
241353
241466
241503
241537
241678
241824
241897
242068
242081
242268
242428
242434
242446
242507
242598
242716
242794
243558
243783
243919
243982
243983
243986
243991
244072
244131
244166
244259
244309
244312
244313
244314
244333
244334
244337
244338
244340
244348
244350
244351
244367
244371
244384
244421
244462
244468
244506
244525
244548
244617
245102
245169
245478
245533
245710
245820
245899
246019
246065
246141
246186
246197
246214
246366
246503
246570
246848
247352
247426
247431
247517
247518
247559
247603
247729
247731
247742
247807
247815
247818
247822
247828
247829
247830
247832
247855
247856
247882
247886
247895
247896
247908
247912
247914
247915
247927
247929
247940
247961
247978
248001
248017
248030
248039
248043
248044
248093
248155
248174
248190
248411
248440
248443
248498
248553
248560
248616
248655
248687
248774
248860
248871
249137
249240
249350
249487
249955
249958
249995
250016
250017
250499
250897
250898
250935
250939
251131
251143
251210
251211
251217
251223
251224
251230
251237
251238
251239
251241
251249
251257
251270
251273
251368
251407
251412
251473
251479
251484
251485
251495
251610
251623
251652
251826
251868
251961
252013
252062
252117
252164
252175
252331
252420
252467
252849
252853
252905
253236
253344
253355
253547
253557
253884
254419
254453
254520
254524
254525
254570
254573
254613
254615
254616
254625
254631
254648
254650
254659
254660
254685
254690
254691
254695
254707
254714
254718
254722
254812
254850
254953
255053
255084
255311
255420
255701
255776
255825
256116
256125
256219
257016
257551
257558
258126
258263
258287
258487
258517
258520
258521
258531
258539
258541
258543
258550
258553
258555
258563
258564
258587
258606
258625
258631
258633
258643
258645
258653
258666
258671
258719
258732
258820
258993
259009
259010
259041
259045
259073
259170
259205
259206
259208
259209
259210
259231
259343
259366
259391
259413
259505
259544
259557
259665
259732
259800
259838
259861
259872
260037
260073
260289
260325
260376
260392
260393
260437
260459
260485
260584
260889
261134
261202
261279
261363
261671
261709
261756
261939
261957
261972
262002
262003
262004
262015
262035
262040
262049
262052
262054
262068
262071
262073
262076
262106
262109
262154
262239
262240
262253
262338
262507
262549
262550
262590
262592
262712
262866
262931
262983
263093
263246
263254
263389
263461
263701
263743
263745
263861
263895
264598
264912
264933
264975
265233
265248
265256
265387
265455
265485
265535
265537
265545
265548
265552
265558
265560
265561
265562
265576
265585
265619
265626
265633
265637
265641
265643
265834
265941
266042
266053
266575
266596
266682
266790
266795
267040
267151
267153
267158
267184
267619
267828
268187
268189
268271
268472
268474
268480
268487
268500
268510
268511
268536
268554
268564
268574
268596
268598
268620
268770
268772
268889
268895
268904
269040
269119
269326
269382
269432
269593
269613
269717
270077
270098
270397
271513
271526
271781
271895
271905
271906
271910
271925
271926
271927
271929
271939
271941
271952
271954
271958
271968
271994
271995
272031
272041
272049
272100
272111
272116
272126
272154
272167
272169
272170
272187
272214
272286
272304
272382
272625
272631
272842
272957
272994
273060
273147
273224
273274
273413
273481
273691
274088
274144
274710
274939
274944
274955
274956
274957
275147
275169
275204
275290
275363
275419
275442
275443
275445
275447
275449
275453
275457
275475
275495
275509
275527
275531
275548
275633
275692
275728
276038
276216
276250
276361
276363
276364
276365
276378
276403
276454
276455
276497
276512
276519
276631
276721
276734
276818
276820
276839
276862
276863
276864
276872
276892
276898
276904
276915
276960
276961
277076
277077
277078
277079
277084
277106
277107
277108
277109
277110
277111
277112
277113
277114
277115
277116
277117
277118
277119
277120
277121
277122
277123
277124
277125
277126
277127
277128
277129
277130
277131
277132
277133
277134
277135
277136
277137
277138
277139
277140
277141
277142
277143
277144
277145
277146
277147
277148
277149
277150
277151
277152
277153
277154
277155
277156
277157
277158
277159
277160
277161
277162
277163
277164
277165
277166
277167
277168
277169
277170
277171
277172
277173
277174
277175
277176
277177
277178
277179
277180
277181
277182
277183
277184
277185
277186
277187
277188
277189
277190
277191
277192
277193
277194
277195
277196
277197
277198
277199
277200
277201
277202
277203
277204
277205
277206
277207
277208
277209
277210
277211
277212
277213
277214
277215
277216
277217
277218
277219
277220
277221
277222
277223
277224
277225
277226
277227
277228
277229
277230
277231
277232
277233
277234
277235
277236
277237
277238
277239
277240
277241
277242
277243
277244
277245
277246
277247
277248
277249
277250
277251
277252
277253
277254
277255
277256
277257
277258
277259
277260
277261
277262
277263
277264
277265
277266
277267
277268
277270
277271
277272
277273
277274
277275
277276
277277
277278
277279
277280
277281
277282
277283
277284
277285
277287
277288
277289
277290
277291
277292
277293
277294
277295
277296
277297
277298
277299
277300
277301
277302
277303
277304
277305
277307
277308
277310
277311
277312
277313
277314
277315
277316
277317
277318
277319
277320
277321
277322
277323
277324
277325
277326
277327
277328
277329
277330
277331
277332
277333
277334
277335
277336
277337
277338
277339
277340
277341
277342
277343
277344
277345
277346
277347
277352
277353
277354
277355
277356
277357
277358
277359
277360
277361
277362
277363
277364
277365
277366
277367
277368
277369
277370
277371
277372
277373
277374
277375
277376
277377
277378
277379
277380
277381
277382
277383
277384
277385
277386
277387
277388
277389
277390
277393
277394
277395
277396
277397
277398
277399
277400
277401
277402
277403
277417
277418
277419
277420
277423
277424
277425
277426
277427
277430
277431
277432
277433
277434
277435
277436
277437
277441
277442
277444
277445
277446
277447
277448
277449
277450
277451
277452
277453
277457
277458
277492
277493
277494
277503
277505
277588
277751
277753
277754
277762
277766
277835
277838
277863
277892
277946
277949
277953
278037
278049
278050
278053
278266
278479
278503
278590
278629
278709
278717
278839
278840
278890
278993
278996
279058
279070
279219
279408
279418
279524
279536
279807
279835
280033
280034
280118
280201
280210
280524
280603
280801
280802
280925
281138
281254
281265
281382
281383
281386
281617
281662
281783
282067
282074
282079
282256
282344
282362
282620
282648
282718
282719
282720
282721
282727
282766
282780
282845
282848
282852
282963
282967
282979
283270
283351
283397
283404
283595
283597
283701
283702
283704
283811
283910
284007
284208
284222
284458
284603
284648
284831
284841
285044
285234
285334
285687
285693
285778
