10000
1
3
7
13
14
15
19
25
38
39
40
50
79
86
90
93
106
332
337
338
340
342
344
345
346
347
348
349
350
351
353
354
355
357
358
359
360
361
362
363
365
366
367
368
369
370
371
372
373
374
376
377
378
382
383
387
388
391
392
394
396
397
398
399
400
403
404
407
408
411
412
413
414
415
431
434
438
442
448
451
452
453
454
455
461
468
469
471
472
473
474
475
476
477
479
480
481
482
483
484
485
486
487
489
490
491
492
493
494
495
496
498
499
501
502
503
504
505
506
507
508
509
511
512
514
515
516
517
518
519
520
523
524
525
526
527
528
529
530
532
533
534
535
536
537
547
549
556
561
564
569
575
576
578
582
585
592
606
617
630
644
657
660
661
662
669
673
675
678
682
684
685
687
692
695
699
704
707
709
723
738
743
747
755
768
773
808
818
821
833
847
848
860
865
869
882
906
907
911
920
923
941
949
953
954
972
974
980
994
1000
1082
1094
1095
1102
1103
1170
1178
1180
1191
1229
1230
1268
1272
1279
1289
1299
1301
1313
1352
1437
1448
1469
1494
1500
1526
1878
1881
1899
2529
2680
2682
2694
2865
20129
20580
20698
20702
20849
20892
20901
20905
20959
21192
21193
21194
21203
21204
21205
21206
21234
21235
21236
21238
21239
21240
21241
21248
21390
21802
22082
22084
22086
22289
22290
22292
22293
22294
22394
22421
22424
22429
22440
22461
22477
22489
22501
22507
22525
22531
22545
22547
22560
22578
22580
22582
22610
22613
22622
22627
22634
22635
22637
22643
22673
22681
22700
22704
22713
22727
22741
22770
22847
22855
22912
22920
22922
22935
22948
22965
22998
23051
23060
23072
23132
23157
23160
23162
23176
23221
23225
23228
23250
23251
23253
23266
23281
23308
23316
23385
23386
23390
23417
23460
23476
23484
23500
23533
23583
23598
23626
23656
23668
23682
23703
23705
23710
23715
23717
23718
23730
23740
23741
23745
23747
23749
23751
23753
23760
23761
23762
23821
23822
23831
23832
23835
23912
23954
23983
24012
24029
24030
24031
24033
24098
24198
24208
24238
24263
24307
24311
24324
24341
24344
24353
24372
24395
24407
24421
24423
24479
24527
24531
24536
24546
24579
24633
24645
24647
24649
24708
24742
24758
24777
24787
24788
24844
24845
24886
24897
24922
24952
25034
25063
25101
25156
25202
25218
25261
25263
25273
25285
25299
25301
25341
25345
25347
25379
25387
25392
25421
25440
25464
25472
25531
25557
25619
25632
25642
25674
25676
25682
25738
25750
25783
25808
25822
25900
25942
26019
26042
26106
26166
26213
26262
26293
26323
26324
26330
26333
26334
26349
26430
26450
26452
26456
26465
26484
26551
26598
26629
26712
26742
26775
26851
26863
26909
26982
27016
27018
27019
27022
27029
27072
27270
27282
27299
27317
27406
27416
27428
27495
27502
27512
27535
27538
27539
27543
27545
27547
27677
27719
27738
27758
27870
27914
27964
28066
28113
28115
28116
28128
28156
28157
28216
28217
28225
28226
28230
28231
28242
28322
28346
28376
28396
28399
28410
28542
28571
28584
28591
28766
28772
28949
28956
28976
28984
29025
29027
29028
29141
29145
29148
29150
29151
29155
29156
29158
29160
29168
29172
29178
29185
29186
29216
29250
29334
29336
29339
29340
29343
29344
29346
29360
29391
29457
29498
29524
29611
29618
29818
29835
29866
29898
29915
29927
29932
29966
30004
30033
30136
30154
30172
30273
30278
30321
30370
30376
30398
30455
30586
30671
30816
30821
30857
30868
30960
30967
31011
31032
31060
31108
31142
31143
31204
31267
31377
31379
31382
31383
31387
31388
31391
31400
31425
31428
31462
31496
31497
31576
31591
31609
31616
31624
31697
31733
31763
31780
31789
31809
31820
31825
31827
31828
31831
31839
31842
31894
31895
31906
31908
31909
31910
31911
31913
31914
31916
31917
31918
31919
31920
31921
31926
31928
31929
31930
31931
31932
31933
31934
31935
31936
31937
31938
31939
31940
31941
31942
31943
31944
31945
31946
31947
31948
31949
31950
31951
31952
31955
31956
31957
31967
31986
31990
31991
31994
31997
32004
32006
32008
32009
32011
32015
32017
32019
32021
32022
32023
32025
32026
32027
32033
32035
32036
32037
32038
32039
32040
32042
32043
32047
32051
32053
32055
32056
32058
32059
32061
32062
32063
32064
32065
32066
32073
32074
32075
32080
32086
32098
32103
32110
32114
32428
32433
32434
32435
32436
32437
32438
32441
32442
32443
32444
32445
32446
32452
32454
32456
32461
32462
32464
32467
32471
32473
32474
32475
32477
32478
32479
32481
32482
32483
32484
32485
32486
32487
32488
32493
32495
32498
32499
32500
32501
32502
32504
32513
32514
32518
32519
32528
32529
32532
32533
32535
32537
32543
32546
32694
32695
32696
32697
32699
32700
32701
32702
32703
32704
32705
32708
32709
32711
32712
32713
32715
32716
32717
32718
32720
32721
32722
32724
32726
32727
32728
32729
32730
32732
32737
32738
32739
32741
32742
32748
32749
32752
32753
32755
32756
32759
32761
32763
32765
32766
32767
32768
32769
32772
32773
32775
32776
32782
32787
32806
32810
32820
32822
32823
32824
32825
32826
32827
32829
32837
32840
32842
32844
32845
32846
32849
32850
32867
32870
32873
32889
32890
32891
32896
32903
32927
32936
32938
32941
32942
32945
32948
32950
32965
32985
32986
33006
33007
33009
33010
33011
33012
33013
33014
33016
33019
33020
33024
33030
33031
33041
33046
33049
33054
33056
33057
33059
33060
33061
33062
33063
33064
33065
33067
33068
33069
33073
33074
33075
33077
33080
33082
33083
33084
33085
33086
33087
33089
33092
33093
33095
33097
33098
33100
33101
33103
33104
33105
33106
33108
33110
33111
33112
33113
33114
33115
33116
33117
33118
33119
33120
33122
33132
33139
33149
33151
33153
33155
33158
33160
33162
33163
33166
33167
33170
33173
33183
33190
33191
33192
33195
33196
33199
33201
33213
33239
33253
33296
33297
33300
33302
33303
33344
33346
33361
33376
33377
33378
33381
33385
33390
33391
33393
33400
33402
33406
33408
33409
33427
33435
33438
33446
33462
33469
33509
33542
33543
33545
33561
33566
33596
33618
33644
33647
33649
33650
33651
33653
33654
33655
33656
33657
33659
33660
33661
33662
33663
33664
33673
33676
33684
33687
33690
33691
33693
33694
33695
33697
33698
33700
33701
33702
33703
33704
33705
33706
33707
33708
33709
33710
33711
33712
33713
33714
33715
33716
33718
33719
33723
33726
33727
33729
33730
33738
33743
33758
33766
33779
33791
33801
33809
33811
33815
33821
33831
33834
33835
33839
33858
33865
33880
33881
33884
33887
33891
33892
33900
33904
33933
33938
33943
33946
33947
33949
33954
33956
33960
33977
33995
33999
34005
34006
34012
34017
34018
34025
34036
34039
34041
34042
34045
34048
34054
34057
34058
34065
34073
34075
34090
34093
34104
34109
34115
34116
34118
34120
34154
34156
34161
34165
34168
34170
34172
34173
34175
34181
34182
34184
34191
34192
34193
34199
34203
34211
34212
34214
34215
34216
34218
34230
34236
34254
34256
34263
34264
34275
34276
34277
34278
34295
34298
34303
34306
34312
34352
34359
34361
34385
34399
34406
34408
34412
34413
34440
34444
34453
34454
34460
34462
34466
34468
34469
34470
34478
34484
34485
34498
34508
34529
34532
34533
34535
34541
34554
34564
34571
34576
34578
34582
34588
34602
34605
34606
34641
34647
34656
34657
34660
34663
34665
34680
34688
34714
34715
34716
34717
34718
34720
34724
34725
34739
34747
34755
34756
34759
34763
34777
34778
34779
34783
34809
34816
34830
34848
34879
34894
34900
34916
34919
34924
34927
34945
34958
34978
34986
34987
34989
34991
34994
34998
35002
35003
35020
35023
35032
35044
35045
35048
35051
35058
35059
35070
35071
35074
35080
35085
35087
35100
35101
35107
35123
35135
35138
35140
35141
35143
35145
35159
35161
35169
35174
35185
35187
35200
35210
35225
35234
35241
35256
35259
35295
35303
35304
35305
35317
35335
35352
35361
35363
35379
35380
35392
35397
35405
35431
35437
35440
35442
35443
35451
35454
35455
35466
35469
35470
35476
35483
35535
35540
35544
35550
35562
35566
35568
35570
35571
35573
35575
35577
35578
35579
35582
35608
35623
35624
35636
35643
35668
35672
35684
35686
35698
35716
35736
35739
35745
35749
35767
35798
35800
35801
35804
35812
35813
35817
35828
35834
35840
35846
35848
35849
35850
35851
35872
35898
35906
35908
35909
35926
35936
35938
35943
35949
35955
35973
35986
35990
35999
36004
36011
36018
36021
36055
36057
36061
36065
36076
36089
36090
36100
36111
36112
36122
36127
36140
36160
36166
36178
36201
36208
36212
36215
36217
36221
36228
36252
36291
36301
36302
36305
36309
36327
36330
36333
36341
36346
36357
36382
36390
36391
36410
36411
36413
36421
36429
36430
36442
36469
36470
36502
36512
36532
36536
36542
36565
36569
36574
36576
36585
36586
36589
36595
36598
36616
36618
36619
36623
36629
36630
36631
36636
36645
36659
36668
36688
36698
36750
36754
36758
36803
36805
36824
36825
36838
36839
36859
36863
36865
36869
36894
36904
36910
36912
36913
36923
36926
36943
36949
36951
36953
36976
36987
37013
37035
37046
37047
37072
37073
37077
37082
37083
37084
37094
37101
37110
37111
37120
37126
37130
37144
37159
37173
37205
37206
37208
37215
37223
37224
37225
37228
37229
37237
37242
37272
37278
37309
37310
37317
37319
37331
37337
37338
37348
37349
37350
37352
37353
37365
37371
37372
37376
37401
37403
37407
37408
37436
37451
37479
37484
37504
37520
37522
37535
37536
37562
37565
37569
37584
37593
37615
37617
37634
37635
37641
37660
37664
37676
37678
37681
37682
37703
37712
37716
37734
37741
37742
37764
37769
37777
37780
37787
37812
37813
37815
37818
37827
37830
37844
37863
37864
37868
37869
37885
37886
37887
37892
37910
37911
37914
37916
37920
37958
37960
37972
37973
37975
37976
37977
37978
37997
37998
38006
38034
38037
38049
38051
38052
38054
38064
38065
38074
38082
38088
38097
38098
38101
38106
38112
38119
38123
38132
38133
38135
38136
38151
38165
38181
38183
38200
38237
38249
38259
38262
38263
38264
38266
38277
38278
38284
38285
38294
38308
38344
38348
38349
38371
38386
38387
38391
38392
38393
38396
38398
38408
38412
38417
38420
38436
38468
38477
38491
38510
38514
38522
38538
38549
38550
38590
38594
38595
38597
38598
38599
38601
38606
38608
38609
38611
38642
38657
38668
38671
38672
38674
38681
38689
38694
38699
38700
38703
38704
38709
38711
38713
38718
38719
38721
38733
38736
38739
38740
38752
38772
38785
38796
38804
38816
38817
38818
38828
38834
38835
38842
38846
38853
38859
38865
38866
38869
38907
38929
38945
38951
38971
38974
38983
38988
38995
38999
39013
39026
39030
39036
39063
39065
39066
39071
39072
39080
39088
39090
39107
39136
39138
39150
39156
39163
39167
39174
39175
39178
39182
39205
39210
39213
39214
39215
39216
39219
39220
39240
39255
39260
39261
39266
39302
39311
39338
39346
39350
39361
39366
39367
39380
39407
39410
39419
39451
39479
39486
39487
39508
39514
39515
39521
39522
39525
39534
39538
39540
39556
39571
39574
39577
39600
39610
39612
39616
39623
39624
39643
39647
39655
39666
39676
39685
39734
39736
39738
39739
39741
39745
39752
39753
39760
39764
39796
39844
39848
39852
39858
39859
39865
39870
39880
39883
39891
39896
39903
39905
39927
39928
39929
39934
39948
39958
39974
39980
40035
40044
40057
40059
40063
40070
40073
40077
40085
40095
40103
40118
40130
40133
40162
40166
40176
40182
40188
40199
40206
40221
40237
40241
40243
40248
40249
40252
40261
40272
40274
40284
40287
40290
40291
40299
40302
40322
40324
40325
40326
40331
40333
40334
40340
40370
40387
40421
40425
40427
40429
40433
40434
40438
40455
40473
40474
40475
40477
40490
40506
40512
40514
40515
40517
40522
40532
40536
40537
40547
40553
40558
40559
40560
40573
40592
40599
40600
40601
40608
40609
40615
40618
40635
40654
40657
40670
40676
40679
40686
40697
40698
40700
40701
40702
40716
40733
40735
40745
40747
40748
40749
40750
40763
40764
40766
40769
40784
40795
40804
40808
40818
40831
40853
40857
40858
40863
40870
40874
40878
40879
40884
40890
40896
40897
40898
40921
40935
40958
40966
40976
40980
41005
41006
41012
41023
41024
41030
41034
41040
41042
41052
41060
41065
41078
41079
41083
41089
41096
41097
41110
41116
41134
41135
41139
41141
41146
41148
41177
41178
41200
41201
41224
41254
41255
41256
41259
41261
41263
41266
41272
41285
41291
41301
41303
41326
41350
41364
41366
41371
41379
41389
41402
41407
41415
41416
41429
41444
41445
41455
41483
41487
41490
41492
41503
41534
41540
41547
41556
41577
41590
41594
41596
41604
41605
41618
41619
41623
41662
41673
41681
41684
41687
41691
41693
41695
41703
41713
41715
41722
41723
41755
41756
41767
41778
41784
41788
41799
41803
41810
41818
41821
41824
41837
41839
41840
41842
41844
41853
41854
41860
41864
41868
41877
41885
41895
41898
41900
41919
41920
41925
41926
41928
41932
41934
41944
41950
41952
41953
41958
41961
41965
41968
41972
41995
42020
42021
42041
42042
42045
42046
42047
42049
42051
42056
42067
42069
42071
42075
42080
42083
42100
42111
42124
42143
42158
42159
42162
42174
42192
42195
42201
42208
42209
42210
42213
42222
42238
42239
42240
42285
42293
42314
42315
42319
42322
42334
42339
42350
42362
42365
42392
42403
42404
42405
42406
42423
42437
42466
42467
42481
42491
42500
42501
42510
42518
42532
42538
42541
42558
42559
42562
42563
42564
42565
42569
42573
42585
42594
42595
42597
42600
42601
42604
42606
42619
42630
42649
42655
42661
42663
42667
42680
42690
42693
42695
42697
42700
42701
42738
42758
42761
42764
42770
42785
42796
42819
42821
42843
42858
42861
42864
42874
42881
42882
42892
42901
42916
42939
42941
42952
42961
42965
42976
43015
43034
43057
43065
43068
43076
43108
43109
43111
43112
43131
43133
43136
43143
43144
43147
43160
43162
43168
43171
43178
43181
43184
43206
43232
43233
43237
43243
43248
43259
43264
43270
43273
43279
43281
43283
43284
43302
43312
43322
43324
43327
43334
43342
43344
43363
43366
43376
43379
43393
43404
43412
43416
43419
43441
43444
43449
43457
43468
43470
43478
43502
43505
43507
43515
43550
43556
43561
43568
43570
43579
43583
43604
43611
43639
43642
43643
43672
43674
43685
43706
43731
43733
43739
43744
43748
43751
43798
43815
43823
43855
43862
43863
43876
43894
43900
43933
43934
43935
43939
43940
43941
43942
43946
43952
43954
43955
43958
43973
43984
43995
44002
44003
44005
44011
44014
44015
44022
44025
44032
44035
44036
44037
44043
44048
44051
44058
44059
44060
44061
44065
44066
44067
44076
44077
44078
44080
44087
44088
44097
44109
44113
44127
44128
44131
44132
44136
44137
44138
44139
44143
44156
44158
44159
44160
44170
44177
44179
44180
44181
44184
44189
44190
44193
44194
44203
44204
44208
44212
44214
44215
44217
44220
44222
44223
44224
44225
44226
44252
44259
44262
44265
44267
44272
44282
44283
44284
44289
44294
44297
44298
44305
44308
44314
44319
44320
44321
44322
44323
44325
44328
44332
44333
44335
44336
44337
44338
44343
44346
44349
44350
44353
44357
44358
44360
44362
44365
44366
44376
44379
44380
44383
44384
44388
44394
44398
44399
44409
44410
44411
44422
44424
44428
44431
44436
44443
44444
44451
44461
44462
44463
44464
44465
44473
44478
44488
44492
44493
44494
44498
44499
44500
44502
44515
44523
44539
44552
44562
44564
44577
44623
44631
44633
44685
44748
44755
44766
44768
44769
44771
44779
44800
44802
44815
44828
44835
44839
44847
44887
44892
44893
44894
44896
44898
44899
44900
44901
44902
44903
44904
44905
44906
44907
44908
44909
44910
44911
44913
44914
44916
44917
44918
44920
44921
44922
44923
44924
44925
44928
44929
44930
44931
44933
44934
44935
44936
44937
44939
44940
44941
44942
44944
44945
44946
44947
44948
44949
44950
44951
44952
44953
44954
44955
44956
44957
44958
44990
45007
45008
45009
45014
45016
45019
45020
45023
45027
45029
45030
45034
45035
45040
45043
45047
45048
45050
45051
45053
45055
45073
45074
45078
45082
45083
45084
45085
45089
45090
45091
45094
45109
45113
45114
45117
45118
45127
45128
45145
45160
45169
45172
45176
45180
45196
45203
45253
45262
45269
45274
45276
45285
45308
45311
45313
45314
45318
45319
45321
45322
45323
45327
45330
45331
45332
45334
45335
45337
45338
45339
45340
45341
45342
45343
45344
45345
45346
45347
45348
45352
45387
45388
45389
45395
45397
45398
45399
45400
45401
45404
45405
45408
45409
45410
45412
45413
45414
45417
45418
45419
45420
45421
45424
45429
45432
45433
45434
45435
45436
45438
45439
45440
45441
45442
45443
45444
45445
45447
45448
45449
45450
45451
45452
45453
45454
45455
45456
45459
45460
45463
45464
45508
45513
45516
45551
45569
45574
45578
45612
45629
45636
45638
45651
45656
45660
45661
45678
45688
45696
45699
45700
45702
45705
45713
45716
45734
45736
45737
45742
45755
45769
45777
45780
45781
45784
45793
45795
45810
45812
45813
45828
45829
45865
45873
45879
45881
45884
45888
45895
45897
45900
45903
45904
45905
45914
45915
45919
45961
45967
45968
45999
46010
46011
46018
46048
46049
46059
46060
46075
46081
46084
46085
46087
46089
46099
46121
46139
46149
46156
46176
46199
46222
46227
46266
46268
46272
46273
46274
46277
46282
46284
46289
46296
46321
46328
46356
46358
46359
46371
46372
46378
46411
46426
46430
46433
46459
46492
46502
46507
46522
46540
46547
46550
46564
46565
46575
46587
46588
46593
46594
46616
46621
46630
46643
46644
46645
46647
46650
46651
46655
46656
46657
46659
46660
46661
46662
46664
46667
46670
46672
46678
46680
46681
46682
46685
46686
46687
46690
46693
46695
46696
46698
46699
46701
46702
46707
46737
46742
46743
46748
46749
46758
46773
46780
47077
47078
47080
47081
47082
47083
47084
47085
47086
47087
47088
47089
47090
47091
47092
47093
47094
47095
47096
47097
47098
47099
47100
47101
47102
47103
47104
47105
47106
47107
47110
47112
47113
47114
47115
47116
47117
47118
47119
47120
47121
47122
47123
47124
47125
47126
47127
47128
47129
47130
47131
47132
47133
47134
47135
47136
47157
47178
47215
47217
47229
47241
47247
47268
47282
47338
47350
47364
47370
47380
47408
47435
47436
47446
47455
47464
47473
47506
47534
47556
47563
47568
47573
47580
47597
47602
47617
47639
47640
47644
47646
47654
47660
47690
47702
47703
47705
47723
47736
47740
47741
47743
47744
47747
47749
47750
47751
47754
47755
47757
47758
47759
47771
47772
47776
47777
47780
47781
47782
47784
47785
47786
47791
47793
47796
47797
47798
47799
47800
47801
47805
47806
47810
47811
47815
47816
47817
47820
47823
47824
47825
47827
47828
47844
47858
47859
47873
47891
47918
47936
47953
47958
47978
47991
47998
48004
48012
48013
48022
48030
48031
48032
48037
48058
48060
48078
48081
48099
48110
48129
48169
48199
48211
48231
48237
48254
48271
48278
48283
48305
48321
48357
48361
48395
48397
48405
48406
48412
48427
48429
48563
48584
48588
48589
48591
48592
48596
48597
48598
48612
48615
48617
48628
48638
48658
48663
48670
48672
48675
48677
48679
48681
48684
48685
48688
48689
48690
48693
48696
48697
48698
48699
48700
48703
48705
48706
48710
48712
48713
48714
48715
48720
48721
48723
48724
48727
48728
48729
48735
48739
48742
48746
48785
48814
48821
48828
48829
48848
48851
48852
48855
48867
48868
48871
48883
48884
48887
48888
48889
48891
48892
48895
48902
48909
48914
48922
48926
48928
48929
48932
48934
48935
48936
48937
48940
48942
48943
48947
48970
48972
48978
48979
48980
48987
48990
48998
49004
49009
49016
49019
49024
49043
49049
49050
49051
49055
49063
49081
49088
49099
49107
49108
49132
49137
49141
49183
49184
49191
49212
49217
49218
49225
49226
49245
49248
49251
49256
49271
49272
49276
49283
49286
49288
49289
49290
49301
49310
49313
49316
49317
49454
49551
49707
49720
49726
49727
49731
49732
49736
49742
49745
49747
49753
49780
49785
49789
49794
49797
49801
49803
49804
49805
49806
49809
49811
49812
49816
49817
49818
49819
49828
49829
49830
49834
49841
49842
49868
49872
49883
49963
49972
49976
49977
49990
50005
50014
50017
50019
50021
50023
50048
50050
50052
50053
50073
50075
50080
50082
50085
50133
50135
50157
50159
50171
50187
50188
50194
50195
50196
50202
50204
50205
50242
50246
50249
50250
50251
50252
50253
50254
50255
50256
50257
50272
50284
50293
50294
50295
50296
50314
50315
50316
50317
50318
50319
50322
50323
50325
50329
50330
50331
50332
50333
50334
50335
50336
50337
50338
50339
50340
50341
50343
50344
50345
50346
50347
50348
50350
50352
50353
50354
50355
50357
50359
50360
50361
50363
50364
50365
50366
50367
50368
50369
50370
50371
50372
50373
50374
50375
50379
50380
50381
50382
50384
50386
50389
50675
51010
51022
51183
51232
51239
51241
51246
51250
51286
51303
51311
51312
51318
51334
51360
51365
51366
51367
51368
51369
51370
51373
51374
51375
51376
51379
51380
51381
51382
51383
51384
51385
51386
51388
51389
51390
51391
51392
51393
51394
51395
51396
51397
51398
51399
51400
51401
51402
51404
51405
51407
51408
51409
51410
51418
51435
51439
51440
51444
51447
51449
51451
51453
51457
51460
51461
51463
51464
51465
51466
51467
51468
51469
51470
51471
51472
51473
51474
51475
51476
51477
51478
51479
51480
51481
51482
51483
51484
51485
51487
51488
51489
51490
51491
51492
51493
51494
51495
51496
51498
51499
51500
51501
51502
51504
51505
51506
51507
51508
51509
51510
51511
51512
51514
51516
51518
51519
51522
51524
51525
51526
51527
51529
51531
51532
51533
51534
51570
51584
51620
51642
51694
51695
51701
51709
51716
51717
51733
51752
51754
51755
51757
51764
51765
51766
51767
51807
51809
51810
51811
51813
51815
51816
51817
51818
51819
51820
51821
51823
51824
51827
51828
51829
51831
51832
51833
51835
51836
51837
51838
51839
51843
51844
51845
51846
51847
51848
51849
51850
51855
51856
51858
51859
51860
51861
51862
51863
51864
51866
51876
51997
51999
52027
52028
52038
52043
52048
52050
52051
52060
52063
52064
52065
52067
52068
52069
52070
52071
52072
52074
52075
52078
52079
52080
52081
52082
52083
52084
52085
52090
52091
52092
52093
52094
52095
52096
52097
52098
52105
52106
52107
52128
52132
52133
52156
52157
52165
52166
52188
52239
52287
52320
52325
52329
52332
52339
52343
52356
52358
52368
52373
52374
52376
52387
52394
52413
52432
52487
52489
52491
52498
52499
52501
52541
52542
52574
52635
52639
52644
52646
52648
52650
52656
52657
52658
52663
52664
52665
52666
52667
52668
52670
52671
52674
52675
52678
52681
52682
52684
52687
52748
52754
52756
52758
52760
52762
52764
52768
52771
52772
52775
52794
52802
52804
52807
52810
52825
52831
52848
52851
52865
52881
52882
52884
52889
52892
52893
52895
52896
52898
52899
52900
52901
52902
52903
52904
52905
52906
52907
52908
52909
52910
52911
52912
52913
52914
52915
52916
52917
52918
52919
52920
52922
52923
52924
52927
52928
52929
52930
52931
52932
52933
52934
52935
52936
52937
52938
52939
52940
52941
52942
52943
52944
52946
52947
52948
52949
52950
52951
52952
52954
52955
52957
52958
52959
52960
52961
52968
52985
52994
53010
53014
53024
53031
53034
53042
53056
53058
53062
53068
53069
53071
53075
53086
53092
53098
53101
53106
53113
53115
53116
53119
53124
53127
53143
53146
53151
53152
53154
53157
53166
53170
53173
53203
53227
53239
53243
53278
53280
53290
53305
53306
53375
53435
53556
53562
53566
53567
53568
53569
53570
53572
53573
53574
53575
53576
53577
53578
53579
53580
53581
53582
53583
53587
53588
53591
53592
53593
53595
53596
53597
53599
53600
53601
53602
53606
53607
53608
53609
53610
53612
53613
53614
53615
53616
53617
53618
53619
53620
53621
53622
53634
53644
53678
53702
53704
53705
53708
53709
53710
53713
53714
53716
53717
53719
53724
53725
53728
53730
53732
53842
53879
53893
53894
53896
53910
53946
53949
53956
53959
53960
53965
53972
53980
54003
54008
54011
54030
54033
54034
54037
54039
54040
54043
54053
54055
54056
54057
54059
54060
54064
54071
54076
54077
54081
54082
54083
54085
54086
54095
54096
54097
54098
54099
54102
54104
54105
54110
54115
54120
54121
54125
54129
54134
54136
54141
54144
54145
54146
54147
54150
54151
54153
54154
54159
54161
54164
54167
54168
54175
54177
54193
54195
54196
54198
54200
54208
54210
54221
54224
54247
54253
54254
54289
54291
54294
54299
54309
54311
54324
54325
54327
54330
54335
54337
54344
54359
54360
54369
54371
54382
54388
54392
54394
54396
54397
54398
54400
54402
54403
54415
54417
54418
54423
54432
54436
54437
54439
54444
54448
54461
54462
54463
54464
54466
54475
54494
54498
54504
54505
54509
54513
54515
54586
54598
54603
54604
54629
54630
54644
54648
54651
54661
54666
54675
54690
54692
54695
54697
54700
54701
54702
54703
54714
54718
54721
54745
54751
54756
54759
54763
54770
54782
54783
54784
54785
54795
54798
54800
54801
54802
54807
54809
54821
54824
54829
54831
54832
54841
54856
54869
54873
54880
54886
54893
54894
54896
54912
54932
54933
54934
54938
54943
54950
54953
54955
54958
54976
54977
54987
55000
55026
55027
55028
55030
55031
55033
55036
55037
55039
55052
55055
55059
55060
55068
55069
55075
55138
55139
55140
55152
55153
55155
55163
55164
55168
55170
55171
55172
55176
55188
55191
55206
55209
55225
55237
55243
55263
55269
55292
55303
55305
55309
55312
55315
55316
55320
55326
55332
55333
55334
55336
55337
55339
55347
55349
55350
55351
55353
55355
55361
55364
55374
55377
55381
55382
55383
55384
55385
55395
55396
55402
55403
55410
55424
55430
55433
55439
55458
55459
55462
55463
55464
55465
55466
55468
55469
55470
55471
55472
55473
55474
55475
55477
55499
55501
55515
55530
55531
55556
55567
55575
55607
55641
55644
55665
55688
55689
55691
55692
55757
55798
55799
55800
55802
55804
55806
55808
55812
55843
55847
55859
55862
55865
55866
55867
55868
55870
55873
55879
55883
55885
55886
55890
55908
55928
55943
55948
55970
55971
55972
55973
55976
55977
55978
55979
55980
55981
55982
55983
55984
55985
55986
55987
55988
55998
56006
56007
56017
56024
56030
56042
56044
56051
56058
56060
56095
56121
56130
56140
56146
56162
56165
56167
56174
56186
56191
56210
56222
56226
56227
56228
56231
56233
56234
56259
56272
56274
56295
56299
56300
56326
56327
56328
56329
56330
56335
56342
56344
56345
56346
56347
56348
56349
56350
56351
56352
56353
56359
56368
56371
56372
56377
56387
56388
56391
56396
56397
56399
56400
56401
56403
56407
56410
56417
56418
56419
56429
56430
56452
56456
56457
56458
56465
56477
56481
56482
56483
56490
56493
56495
56503
56506
56507
56515
56518
56529
56530
56531
56532
56533
56534
56535
56536
56537
56538
56539
56540
56541
56542
56543
56550
56551
56552
56553
56554
56555
56556
56557
56559
56562
56563
56564
56568
56575
56584
56586
56594
56598
56600
56612
56619
56620
56621
56626
56643
56646
56657
56659
56687
56688
56689
56690
56699
56700
56701
56702
56703
56704
56705
56706
56707
56708
56709
56710
56713
56720
56721
56728
56747
56767
56769
56770
56771
56772
56773
56774
56775
56776
56777
56778
56779
56780
56781
56782
56783
56792
56812
56839
56851
56855
56856
56861
56866
56879
56883
56891
56894
56895
56909
56940
56941
56954
56965
56979
56980
56981
56982
56983
56985
56991
56994
57008
57016
57038
57042
57045
57046
57051
57054
57063
57064
57065
57069
57071
57080
57082
57102
57107
57112
57118
57126
57136
57146
57148
57156
57159
57166
57179
57183
57186
57188
57195
57202
57204
57205
57207
57212
57215
57231
57236
57243
57250
57252
57256
57259
57264
57268
57278
57282
57284
57288
57293
57304
57317
57318
57329
57331
57342
57343
57345
57346
57353
57354
57355
57356
57358
57360
57363
57366
57367
57368
57369
57370
57371
57372
57375
57377
57378
57379
57380
57383
57388
57396
57397
57399
57400
57401
57405
57407
57408
57414
57416
57698
57732
57759
57767
57785
58166
58169
58170
58171
58174
58191
58192
58197
58199
58200
58201
58202
58203
58204
58205
58210
58214
58222
58224
58225
58226
58230
58289
58290
58300
58303
58306
58307
58314
58335
58337
58348
58352
58353
58354
58357
58359
58360
58361
58362
58364
58365
58388
58396
58397
58398
58403
58404
58407
58409
58412
58414
58415
58416
58417
58418
58419
58533
58538
58540
58541
58542
58547
58553
58597
58618
58619
58622
58623
58624
58625
58626
58627
58628
58629
58630
58631
58632
58633
58636
58637
58638
58639
58640
58641
58642
58643
58660
58661
58662
58663
58664
58665
58666
58667
58668
58669
58670
58671
58672
58673
58674
58675
58676
58677
58678
58679
58680
58681
58682
58683
58702
59172
59349
59352
59355
59356
59357
59432
59434
59435
59436
59437
59438
59439
59440
59450
59456
59460
59465
59475
59488
59500
59502
59505
59517
59522
59541
59563
59570
59575
59577
59581
59583
59586
59590
59592
59593
59594
59596
59599
59623
59628
59640
59655
59658
59660
59663
59671
59715
59727
59732
59790
59799
59804
59806
59808
59814
59815
59817
59818
59821
59822
59823
59824
59827
59830
59831
59836
59839
59840
59841
59842
59843
59844
59845
59846
59847
59848
59849
59850
59851
59852
59853
59854
59857
59859
59860
59861
59862
59863
59864
59865
59866
59867
59868
59869
59870
59892
59895
59915
59922
59929
59931
59938
59939
59941
59944
59945
59962
59963
59968
59972
59980
59981
59982
59985
59987
59992
59993
59996
59997
59999
60000
60008
60012
60015
60027
60038
60041
60045
60046
60059
60060
60064
60070
60079
60082
60084
60090
60096
60098
60112
60114
60117
60123
60133
60136
60146
60156
60205
60206
60232
60233
60240
60247
60248
60274
60281
60283
60288
60323
60352
60354
60357
60359
60360
60361
60362
60363
60364
60365
60366
60367
60373
60389
60393
60409
60454
60498
60501
60503
60506
60507
60509
60513
60521
60522
60525
60528
60529
60538
60545
60546
60547
60554
60557
60560
60570
60572
60574
60579
60584
60587
60629
60647
60649
60650
60651
60652
60653
60654
60655
60656
60657
60658
60659
60660
60661
60662
60663
60664
60665
60666
60667
60668
60670
60671
60672
60673
60674
60675
60677
60679
60680
60681
60682
60684
60685
60686
60687
60688
60689
60690
60691
60692
60693
60694
60695
60696
60697
60702
60704
60705
60706
60707
60708
60709
60710
60721
60741
60746
60749
60774
60777
60779
60782
60783
60786
60790
60791
60815
60816
60819
60820
60821
60822
60823
60824
60825
60826
60827
60828
60830
60831
60832
60833
60834
60835
60836
60837
60838
60839
60840
60841
60843
60844
60845
60847
60849
60850
60852
60853
60854
60855
60856
60857
60859
60860
60861
60862
60863
60864
60865
60866
60868
60869
60870
60871
60872
60873
60874
60875
60876
60878
60879
60880
60882
60883
60900
60902
60906
60908
60910
60919
60928
60937
60943
60958
60959
60965
60967
60968
60977
60983
60985
60992
60998
61006
61015
61022
61024
61026
61033
61035
61037
61039
61041
61052
61053
61056
61080
61082
61083
61085
61087
61089
61093
61096
61108
61115
61124
61128
61136
61149
61151
61152
61154
61161
61168
61177
61180
61183
61185
61228
61246
61252
61263
61267
61269
61270
61271
61277
61281
61287
61296
61299
61301
61306
61309
61311
61312
61313
61315
61320
61345
61353
61362
61369
61371
61379
61390
61411
61414
61418
61426
61443
61444
61445
61454
61458
61459
61465
61466
61470
61471
61483
61495
61501
61503
61510
61512
61540
61548
61631
61645
61665
61685
61720
61783
61791
61798
61804
61821
61822
61825
61831
61845
61847
61851
61855
61867
61869
61882
61883
61885
61887
61888
61891
61928
61934
61938
61945
61954
61955
61962
61965
61971
61983
61988
61992
61997
61999
62000
62001
62007
62009
62023
62025
62031
62033
62037
62040
62044
62047
62048
62049
62056
62059
62060
62061
62062
62064
62068
62070
62072
62074
62077
62096
62098
62101
62103
62104
62117
62124
62125
62145
62151
62172
62173
62175
62176
62177
62178
62180
62181
62182
62183
62184
62185
62187
62188
62194
62196
62197
62206
62210
62211
62212
62221
62229
62231
62246
62250
62258
62261
62268
62277
62281
62286
62288
62289
62292
62293
62333
62345
62355
62356
62441
62444
62449
62452
62505
62515
62522
62547
62550
62559
62560
62579
62585
62586
62587
62588
62589
62590
62599
62601
62605
62626
62629
62640
62663
62669
62701
62712
62739
62740
62741
62758
62762
62765
62766
62767
62774
62800
62816
62820
62826
62830
62832
62848
62854
62876
62886
62890
62893
62894
62909
62921
62933
62939
62943
62952
62955
62957
62960
62998
62999
63019
63026
63027
63031
63032
63033
63035
63041
63042
63046
63047
63048
63052
63057
63068
63073
63079
63084
63092
63094
63097
63104
63109
63124
63137
63162
63163
63181
63188
63194
63196
63201
63202
63205
63214
63215
63218
63222
63226
63228
63234
63236
63240
63242
63244
63279
63285
63286
63288
63294
63310
63320
63321
63325
63327
63328
63330
63333
63334
63339
63344
63352
63353
63357
63373
63375
63410
63411
63435
63438
63440
63441
63444
63447
63450
63457
63460
63462
63468
63490
63491
63492
63509
63521
63537
63544
63548
63555
63556
63557
63564
63566
63567
63571
63575
63579
63586
63588
63590
63597
63598
63618
63631
63637
63642
63644
63649
63651
63652
63657
63659
63661
63666
63667
63668
63671
63672
63675
63677
63679
63680
63683
63697
63724
63737
63741
63752
63754
63759
63761
63765
63772
63789
63798
63799
63806
63824
63828
63849
63864
63866
63881
63884
63889
63892
63894
63896
63899
63904
63906
63908
63916
63945
63950
63951
63952
63954
63971
63988
64012
64016
64017
64018
64019
64020
64021
64023
64024
64025
64026
64027
64028
64029
64030
64031
64032
64033
64034
64035
64036
64037
64039
64040
64041
64042
64044
64045
64046
64048
64049
64050
64051
64052
64053
64058
64070
64075
64081
64094
64100
64106
64114
64115
64118
64140
64151
64156
64165
64185
64187
64188
64189
64191
64192
64193
64194
64195
64196
64197
64198
64199
64200
64203
64204
64206
64208
64209
64211
64214
64215
64217
64218
64219
64220
64221
64223
64224
64225
64226
64228
64229
64232
64233
64234
64235
64236
64237
64239
64240
64242
64243
64244
64245
64247
64248
64249
64252
64254
64255
64256
64257
64259
64265
64266
64268
64271
64278
64279
64281
64292
64301
64314
64323
64334
64336
64367
64370
64373
64374
64385
64388
64407
64410
64432
64438
64439
64441
64452
64473
64481
64483
64485
64505
64511
64512
64522
64548
64557
64589
64644
64645
64647
64656
64660
64678
64693
64696
64706
64710
64711
64716
64721
64724
64726
64727
64728
64731
64732
64733
64734
64736
64737
64739
64741
64742
64743
64744
64745
64746
64747
64748
64749
64750
64751
64752
64753
64754
64755
64756
64757
64758
64759
64760
64761
64762
64763
64764
64765
64766
64767
64768
64769
64770
64771
64774
64775
64787
64788
64794
64795
64796
64798
64799
64800
64801
64802
64803
64804
64823
64824
64832
64834
64838
64840
64844
64845
64847
64851
64855
64857
64860
64861
64899
64915
64916
64922
64923
64932
64933
64934
64952
64955
64957
64958
64959
64961
64966
64969
64971
64977
64988
64990
64993
64995
64998
65000
65001
65021
65037
65038
65118
65121
65135
65142
65162
65166
65168
65170
65176
65180
65182
65187
65195
65200
65202
65214
65215
65220
65221
65222
65228
65230
65234
65238
65241
65243
65246
65254
65259
65261
65264
65267
65274
65278
65281
65286
65292
65293
65294
65303
65304
65305
65306
65316
65322
65325
65340
65344
65345
65348
65360
65364
65365
65403
65404
65405
65412
65422
65433
65434
65435
65444
65453
65460
65462
65473
65492
65493
65494
65495
65496
65497
65500
65543
65560
65564
65588
65620
65621
65669
65685
65705
65722
65766
65776
65781
65788
65797
65803
65807
65817
65832
65837
65862
65877
65887
65911
65912
65914
66012
66080
66162
66177
66224
66266
66299
66304
66361
66371
66391
66394
66401
66402
66403
66404
66405
66406
66407
66409
66410
66411
66414
66415
66417
66419
66420
66421
66423
66424
66426
66427
66428
66430
66432
66435
66436
66437
66438
66440
66441
66442
66443
66446
66447
66448
66449
66450
66451
66453
66455
66456
66457
66458
66459
66461
66463
66467
66468
66499
66515
66525
66533
66537
66545
66551
66563
66581
66588
66599
66605
66615
66616
66623
66638
66639
66657
66663
66666
66668
66675
66676
66677
66680
66684
66688
66690
66698
66701
66702
66716
66735
66739
66740
66750
66754
66760
66764
66771
66772
66773
66775
66776
66779
66780
66811
66812
66813
66818
66839
66868
66875
66894
66901
66902
66907
66908
66909
66910
66911
66912
66913
66914
66915
66920
66925
66926
66929
66930
66934
66943
66945
66946
66973
66976
66987
66989
66992
67000
67010
67018
67037
67059
67071
67075
67078
67092
67113
67116
67120
67140
67145
67156
67188
67189
67191
67197
67248
67306
67332
67349
67363
67377
67416
67422
67477
67500
67509
67525
67543
67622
67644
67763
67779
67901
67902
67920
67925
67927
67931
67941
67964
67974
67975
67976
67977
67981
67982
67992
67993
68002
68003
68005
68036
68061
68068
68073
68080
68097
68172
68173
68175
68179
68184
68214
68218
68243
68252
68253
68254
68255
68257
68258
68259
68260
68261
68262
68263
68264
68265
68266
68267
68268
68269
68276
68278
68279
68280
68281
68282
68284
68285
68286
68287
68288
68289
68290
68291
68292
68293
68294
68295
68296
68297
68298
68299
68300
68302
68303
68304
68306
68307
68308
68309
68311
68312
68315
68316
68318
68319
68320
68321
68322
68323
68324
68325
68326
68327
68328
68329
68331
68337
68338
68339
68340
68341
68342
68343
68344
68349
68371
68533
68543
68548
68549
68551
68558
68559
68560
68561
68562
68563
68564
68565
68566
68567
68568
68569
68570
68571
68572
68573
68574
68575
68576
68577
68578
68579
68580
68581
68582
68583
68584
68585
68586
68587
68588
68589
68590
68591
68592
68593
68594
68595
68596
68597
68598
68599
68600
68602
68603
68604
68605
68606
68607
68608
68609
68610
68611
68612
68614
68615
68616
68617
68618
68623
68636
68649
68656
68667
68669
68697
68699
68707
68722
68723
68725
68728
68732
68740
68742
68743
68745
68753
68754
68756
68763
68764
68770
68771
68773
68775
68776
68781
68792
68804
68808
68815
68826
68841
68886
68890
68893
68896
68898
68900
68902
68906
68907
68918
68936
68951
68986
68993
68999
69008
69011
69016
69018
69024
69030
69035
69038
69053
69054
69055
69056
69063
69065
69068
69072
69076
69083
69084
69086
69098
69099
69103
69104
69105
69106
69110
69117
69118
69119
69126
69147
69148
69149
69150
69152
69153
69154
69169
69171
69176
69179
69180
69181
69189
69200
69201
69204
69207
69257
69260
69265
69273
69274
69277
69279
69284
69288
69296
69297
69300
69312
69315
69317
69326
69336
69360
69380
69399
69400
69401
69402
69412
69415
69426
69427
69431
69433
69438
69439
69444
69446
69453
69485
69498
69506
69519
69522
69526
69532
69534
69535
69540
69544
69559
69561
69597
69609
69611
69616
69617
69624
69625
69639
69641
69655
69656
69678
69682
69688
69695
69715
69725
69726
69727
69732
69739
69741
69750
69753
69761
69762
69773
69801
69820
69823
69825
69830
69831
69832
69833
69834
69835
69837
69840
69841
69842
69845
69849
69850
69851
69852
69853
69854
69855
69856
69857
69858
69859
69860
69861
69862
69863
69864
69865
69868
69869
69870
69871
69872
69873
69874
69875
69876
69877
69878
69880
69881
69882
69883
69884
69885
69886
69887
69888
69889
69890
69891
69892
69893
69894
69895
69896
69898
69900
69901
69902
69903
69904
69905
69907
69909
69910
69962
69972
69974
69986
69988
69995
69997
70150
70164
70179
70180
70183
70191
70192
70193
70201
70203
70206
70211
70214
70222
70236
70255
70271
70272
70273
70278
70279
70280
70291
70298
70300
70301
70305
70306
70311
70312
70313
70314
70315
70316
70317
70318
70319
70320
70321
70322
70323
70361
70362
70363
70377
70382
70384
70386
70427
70428
70466
70475
70484
70487
70488
70491
70497
70500
70504
70520
70527
70539
70542
70545
70546
70547
70549
70550
70559
70564
70570
70572
70574
70576
70596
70597
70599
70601
70615
70618
70625
70643
70644
70655
70658
70661
70687
70699
70700
70708
70711
70712
70713
70714
70721
70728
70733
70737
70757
70758
70768
70773
70781
70782
70789
70798
70815
70822
70836
70861
70862
70874
70877
70915
70933
70939
70940
70944
70950
70956
70992
70993
70996
70999
71000
71001
71008
71012
71013
71018
71029
71034
71036
71040
71042
71046
71048
71052
71068
71071
71072
71074
71075
71085
71086
71097
71101
71107
71147
71149
71150
71154
71157
71160
71161
71166
71167
71173
71175
71177
71179
71182
71188
71204
71209
71210
71221
71226
71229
71232
71237
71249
71250
71252
71258
71272
71281
71289
71297
71318
71324
71326
71332
71333
71338
71340
71358
71362
71363
71374
71381
71390
71404
71405
71408
71409
71417
71418
71425
71429
71431
71435
71439
71462
71477
71478
71479
71486
71505
71509
71510
71520
71521
71529
71563
71564
71599
71601
71602
71607
71619
71622
71632
71636
71644
71650
71656
71663
71665
71667
71668
71669
71680
71682
71684
71699
71701
71714
71720
71722
71732
71740
71741
71742
71752
71757
71779
71780
71784
71789
71802
71815
71816
71817
71819
71823
71824
71827
71828
71830
71844
71856
71887
71888
71890
71896
71898
71900
71907
71908
71911
71921
71926
71938
71978
72018
72024
72027
72029
72034
72064
72070
72077
72079
72085
72086
72087
72089
72090
72092
72093
72099
72108
72113
72116
72120
72149
72150
72151
72155
72156
72158
72160
72165
72167
72172
72173
72175
72189
72191
72193
72213
72237
72247
72251
72263
72266
72272
72280
72281
72298
72299
72314
72317
72318
72321
72323
72328
72329
72330
72336
72338
72351
72357
72359
72362
72364
72368
72378
72387
72398
72403
72406
72422
72426
72427
72428
72429
72430
72433
72438
72439
72445
72451
72454
72455
72456
72457
72464
72470
72475
72478
72497
72500
72523
72525
72527
72529
72536
72538
72542
72544
72545
72564
72580
72585
72617
72619
72644
72648
72649
72650
72664
72665
72670
72675
72678
72680
72684
72686
72687
72690
72692
72693
72694
72695
72699
72702
72703
72704
72705
72710
72711
72713
72714
72715
72716
72717
72718
72719
72721
72722
72723
72726
72728
72729
72733
72738
72739
72741
72743
72745
72747
72751
72762
72768
72776
72777
72785
72801
72805
72813
72814
72815
72818
72821
72823
72825
72834
72840
72850
72863
72881
72885
72893
72901
72913
72926
72928
72935
72939
72941
72944
72959
72978
72986
72987
72992
72995
73001
73003
73030
73035
73044
73055
73080
73087
73088
73102
73106
73112
73113
73114
73131
73132
73135
73143
73145
73155
73176
73179
73180
73183
73192
73193
73198
73204
73205
73206
73207
73208
73209
73210
73217
73218
73223
73239
73240
73243
73244
73250
73256
73262
73278
73298
73299
73302
73328
73329
73346
73353
73355
73369
73375
73379
73398
73407
73419
73433
73434
73440
73442
73443
73446
73447
73453
73458
73463
73464
73466
73469
73471
73493
73494
73502
73506
73507
73510
73515
73517
73520
73523
73525
73527
73528
73534
73539
73550
73581
73586
73619
73621
73637
73652
73676
73677
73679
73682
73683
73684
73685
73687
73688
73693
73703
73704
73706
73721
73722
73723
73724
73725
73726
73728
73731
73732
73734
73737
73738
73739
73740
73743
73744
73747
73752
73754
73756
73757
73759
73761
73767
73768
73771
73773
73775
73776
73780
73781
73782
73783
73784
73785
73786
73792
73793
73797
73800
73806
73808
73826
73832
73835
73837
73854
73857
73866
73869
73876
73899
73912
73946
73952
73955
73956
73957
73960
73965
73968
73979
73988
74004
74008
74019
74021
74023
74028
74037
74050
74057
74068
74069
74073
74079
74089
74096
74103
74114
74116
74121
74134
74138
74139
74140
74141
74142
74144
74145
74147
74150
74151
74153
74154
74157
74158
74159
74160
74162
74163
74164
74165
74168
74169
74172
74173
74174
74176
74179
74180
74181
74184
74186
74187
74190
74191
74193
74194
74195
74196
74197
74199
74202
74206
74210
74212
74218
74222
74223
74224
74232
74233
74237
74244
74250
74271
74284
74298
74299
74309
74310
74313
74321
74323
74327
74329
74330
74334
74335
74339
74348
74349
74354
74396
74404
74409
74415
74416
74419
74424
74425
74432
74445
74455
74468
74475
74492
74494
74497
74506
74507
74508
74510
74515
74517
74533
74545
74602
74604
74622
74631
74635
74640
74667
74679
74687
74690
74702
74703
74704
74707
74708
74715
74717
74718
74720
74737
74738
74745
74755
74765
74769
74771
74772
74775
74800
74811
74812
74814
74815
74818
74826
74849
74855
74859
74863
74864
74871
74881
74882
74886
74888
74889
74890
74892
74893
74904
74913
74922
74926
74942
74948
74950
74955
74959
74971
74986
75010
75011
75013
75015
75017
75018
75022
75024
75025
75026
75027
75028
75029
75030
75031
75034
75035
75039
75045
75048
75075
75077
75080
75092
75106
75107
75122
75123
75134
75137
75141
75142
75143
75155
75156
75157
75159
75173
75190
75193
75194
75199
75201
75203
75210
75211
75218
75222
75237
75246
75247
75249
75252
75261
75262
75266
75273
75278
75282
75283
75302
75333
75345
75346
75353
75361
75364
75376
75383
75384
75386
75391
75393
75397
75398
75399
75404
75405
75406
75408
75411
75415
75416
75417
75419
75422
75426
75430
75432
75438
75439
75442
75449
75451
75463
75477
75498
75502
75503
75518
75520
75538
75541
75565
75578
75595
75603
75612
75621
75623
75625
75626
75629
75631
75638
75646
75651
75657
75663
75666
75668
75674
75676
75686
75701
75712
75727
75728
75730
75743
75755
75776
75787
75792
75800
75826
75837
75840
75848
75850
75861
75864
75867
75873
75876
75880
75882
75884
75885
75886
75899
75927
75933
75938
75940
75944
75951
75958
75964
75990
76016
76024
76025
76028
76035
76036
76038
76039
76040
76044
76047
76057
76063
76068
76074
76076
76081
76087
76089
76097
76111
76125
76126
76128
76129
76132
76135
76136
76137
76142
76145
76146
76150
76166
76168
76189
76196
76200
76223
76239
76242
76264
76266
76268
76269
76272
76275
76277
76278
76284
76287
76304
76317
76322
76327
76330
76345
76352
76360
76364
76366
76370
76378
76391
76397
76398
76400
76401
76402
76403
76404
76405
76406
76407
76409
76410
76411
76412
76417
76420
76424
76426
76457
76458
76459
76462
76463
76466
76474
76482
76483
76485
76502
76504
76506
76526
76527
76539
76549
76550
76559
76561
76563
76567
76568
76571
76578
76590
76594
76595
76603
76604
76618
76621
76622
76629
76634
76649
76650
76651
76666
76671
76681
76684
76687
76690
76691
76695
76696
76697
76699
76703
76761
76765
76774
76775
76779
76798
76807
76808
76816
76818
76824
76832
76838
76858
76867
76873
76881
76882
76896
76898
76906
76910
76916
76919
76936
76941
76958
76961
76966
76968
76970
76973
76982
76991
77001
77009
77011
77014
77016
77024
77032
77034
77035
77036
77037
77039
77040
77041
77051
77057
77059
77060
77061
77063
77066
77085
77095
77099
77102
77103
77112
77118
77121
77126
77127
77128
77129
77130
77132
77133
77136
77138
77139
77140
77148
77150
77161
77162
77163
77167
77170
77172
77174
77177
77178
77182
77186
77190
77196
77201
77202
77208
77209
77211
77220
77223
77226
77227
77231
77235
77244
77253
77254
77255
77273
77296
77297
77301
77303
77309
77310
77312
77321
77323
77329
77341
77346
77347
77348
77351
77362
77364
77368
77371
77379
77382
77383
77384
77385
77386
77387
77388
77389
77398
77400
77410
77411
77412
77413
77414
77415
77416
77417
77418
77422
77423
77424
77427
77429
77430
77433
77435
77436
77437
77439
77440
77441
77442
77443
77444
77449
77451
77455
77464
77465
77470
77485
77487
77488
77489
77492
77502
77504
77507
77512
77515
77516
77517
77518
77519
77521
77529
77540
77550
77564
77570
77576
77585
77589
77590
77597
77598
77602
77606
77608
77609
77617
77623
77624
77636
77638
77641
77645
77646
77650
77654
77655
77658
77659
77661
77663
77683
77685
77686
77695
77704
77705
77711
77714
77715
77719
77744
77754
77755
77763
77766
77772
77782
77784
77786
77789
77790
77807
77813
77820
77826
77831
77858
77871
77878
77892
77903
77906
77909
77910
77911
77916
77918
77921
77926
77935
77938
77939
77940
77941
77943
77946
77954
77955
77956
77958
77962
77974
77975
77977
77979
77980
77988
77990
77991
78000
78003
78007
78010
78012
78023
78024
78025
78034
78040
78041
78042
78043
78045
78053
78058
78063
78070
78074
78079
78082
78084
78085
78138
78141
78144
78150
78157
78158
78163
78171
78174
78212
78214
78220
78221
78225
78251
78263
78270
78280
78289
78290
78300
78301
78307
78322
78327
78334
78343
78348
78352
78365
78371
78383
78386
78393
78394
78397
78400
78401
78402
78404
78406
78410
78441
78447
78452
78459
78463
78468
78484
78507
78508
78514
78521
78528
78546
78557
78563
78580
78584
78589
78615
78616
78623
78624
78625
78626
78627
78628
78635
78636
78642
78648
78650
78660
78664
78666
78668
78669
78678
78680
78691
78692
78694
78697
78701
78703
78704
78713
78746
78765
78784
78788
78790
78791
78796
78797
78800
78806
78807
78811
78813
78816
78817
78818
78819
78821
78822
78823
78824
78825
78826
78827
78828
78829
78830
78831
78832
78833
78834
78835
78842
78844
78845
78846
78847
78848
78849
78850
78851
78852
78853
78854
78855
78856
78857
78858
78859
78860
78861
78878
78882
78890
78899
78902
78905
78912
78918
78929
78932
78944
78955
78960
78962
78976
78979
78987
78999
79018
79047
79051
79052
79058
79059
79065
79087
79100
79102
79107
79112
79113
79114
79117
79125
79147
79157
79166
79172
79175
79176
79183
79184
79191
79196
79209
79213
79215
79218
79227
79250
79254
79260
79262
79264
79274
79296
79302
79308
79320
79321
79327
79332
79338
79345
79347
79348
79351
79352
79362
79363
79369
79371
79372
79375
79383
79418
79458
79472
79474
79475
79476
79478
79479
79481
79482
79484
79487
79488
79489
79490
79491
79493
79494
79495
79496
79497
79498
79499
79500
79501
79502
79504
79505
79506
79508
79509
79510
79513
79514
79515
79519
79520
79521
79522
79523
79525
79526
79527
79529
79536
79544
79547
79552
79555
79557
79561
79562
79566
79568
79571
79580
79583
79585
79591
79603
79624
79628
79631
79639
79671
79683
79685
79689
79692
79694
79695
79699
79704
79705
79706
79710
79716
79718
79720
79732
79750
79768
79779
79780
79798
79799
79811
79828
79836
79887
79893
79896
79919
79922
79924
79928
79929
79937
79939
79948
79954
79961
79963
79967
79969
79977
79978
79982
79984
79987
80005
80006
80031
80034
80058
80074
80185
80197
80228
80238
80242
80247
80248
80268
80270
80271
80282
80285
80286
80287
80288
80289
80290
80291
80292
80293
80294
80295
80296
80297
80299
80301
80302
80303
80304
80305
80306
80307
80308
80309
80311
80312
80314
80316
80319
80321
80322
80323
80325
80326
80329
80331
80332
80342
80345
80349
80354
80355
80373
80377
80382
80384
80390
80394
80395
80396
80398
80405
80416
80421
80425
80429
80436
80439
80446
80450
80452
80457
80459
80465
80466
80471
80472
80474
80478
80481
80483
80485
80486
80489
80491
80493
80495
80496
80500
80504
80508
80510
80512
80542
80552
80568
80621
80641
80642
80645
80649
80661
80669
80670
80675
80696
80777
80814
80841
80890
80963
80968
80973
80976
80978
80979
80993
81000
81002
81006
81007
81009
81011
81015
81018
81019
81021
81030
81032
81035
81049
81050
81052
81082
81085
81096
81101
81108
81117
81118
81131
81132
81133
81142
81166
81171
81172
81177
81186
81190
81191
81193
81203
81205
81208
81211
81215
81218
81220
81222
81223
81224
81228
81229
81230
81232
81234
81235
81250
81251
81254
81259
81262
81265
81266
81268
81274
81275
81278
81279
81285
81292
81294
81296
81297
81305
81306
81307
81308
81309
81310
81311
81314
81318
81319
81320
81321
81322
81323
81335
81344
81389
81390
81403
81409
81411
81413
81415
81417
81683
81685
81690
81693
81695
81697
81699
81700
81713
81919
81925
81932
81937
81941
81954
81970
81999
82002
82006
82013
82036
82045
82053
82055
82058
82061
82164
82213
82280
82281
82284
82293
82298
82299
82302
82305
82308
82309
82310
82312
82313
82314
82315
82316
82323
82330
82332
82333
82334
82338
82353
82356
82366
82383
82384
82398
82405
82419
82425
82426
82439
82459
82463
82473
82477
82481
82488
82491
82496
82517
82520
82533
82534
82539
82541
82551
82564
82578
82587
82590
82596
82599
82600
82602
82603
82618
82622
82628
82647
82654
82655
82661
82664
82666
82667
82668
82672
82679
82684
82687
82695
82696
82700
82701
82705
82707
82711
82715
82721
82730
82738
82746
82757
82759
82766
82769
82774
82779
82781
82783
82785
82790
82793
82798
82802
82806
82807
82810
82811
82813
82816
82820
82821
82824
82826
82828
82833
82836
82840
82847
82849
82855
82856
82864
82871
82879
82886
82887
82888
82889
82891
82898
82899
82902
82906
82912
82925
82926
82931
82946
82956
82960
82973
82976
82981
82983
82990
82991
82993
82995
83007
83013
83014
83023
83045
83047
83066
83068
83071
83072
83073
83078
83088
83101
83106
83108
83111
83112
83114
83117
83118
83123
83125
83127
83128
83134
83141
83142
83159
83163
83165
83171
83172
83173
83178
83182
83185
83186
83191
83193
83195
83196
83197
83214
83218
83222
83230
83237
83238
83241
83246
83248
83254
83257
83258
83259
83260
83261
83264
83265
83272
83273
83274
83275
83276
83277
83279
83280
83281
83282
83285
83287
83290
83306
83308
83309
83310
83312
83315
83322
83323
83326
83331
83332
83334
83335
83341
83342
83343
83344
83345
83346
83351
83356
83357
83374
83387
83394
83400
83403
83407
83409
83422
83425
83431
83436
83447
83450
83452
83459
83470
83477
83482
83485
83503
83506
83511
83517
83532
83537
83544
83545
83546
83547
83548
83554
83558
83569
83572
83584
83585
83600
83601
83602
83604
83606
83608
83622
83624
83627
83642
83648
83657
83659
83666
83669
83670
83672
83673
83683
83684
83696
83702
83706
83717
83723
83724
83729
83730
83737
83738
83739
83741
83755
83761
83769
83771
83772
83775
83776
83783
83785
83795
83806
83809
83812
83815
83816
83819
83820
83827
83828
83829
83831
83832
83834
83837
83841
83843
83849
83852
83855
83859
83861
83862
83869
83873
83874
83879
83881
83885
83912
83913
83916
83917
83932
83935
83943
83951
83971
83974
83981
83994
83998
84019
84025
84027
84043
84051
84068
84072
84073
84074
84079
84081
84121
84131
84143
84144
84148
84149
84163
84166
84175
84190
84199
84205
84231
84236
84240
84242
84270
84272
84281
84293
84301
84350
84359
84365
84371
84384
84398
84411
84423
84425
84426
84430
84436
84437
84440
84451
84478
84484
84486
84488
84498
84500
84520
84521
84522
84526
84552
84555
84557
84558
84579
84587
84589
84610
84618
84620
84653
84664
84677
84691
84692
84696
84697
84710
84721
84726
84727
84775
84786
84792
84797
84839
84848
84855
84862
84869
84870
84873
84874
84893
84898
84901
84908
84915
84918
84921
84931
84955
84956
84970
84981
84984
84988
85027
85030
85062
85063
85077
85079
85089
85100
85113
85128
85145
85147
85148
85169
85176
85186
85195
85196
85203
85220
85226
85241
85246
85256
85259
85263
85285
85296
85299
85310
85324
85325
85328
85337
85346
85348
85375
85380
85397
85408
85412
85425
85437
85448
85449
85450
85451
85458
85473
85474
85477
85479
85480
85497
85502
85506
85508
85512
85541
85563
85592
85613
85618
85639
85643
85648
85655
85688
85699
85705
85726
85727
85751
85773
85778
85794
85795
85796
85797
85814
85823
85839
85854
85870
85889
85894
85901
85907
85910
85913
85916
85917
85956
85981
85993
86017
86027
86033
86047
86074
86087
86110
86140
86156
86165
86190
86194
86195
86235
86241
86281
86282
86286
86287
86300
86304
86314
86347
86351
86354
86374
86377
86391
86402
86405
86409
86419
86432
86441
86442
86449
86471
86475
86477
86478
86480
86484
86486
86489
86494
86504
86509
86543
86544
86545
86546
86547
86548
86549
86552
86587
86611
86619
86637
86640
86643
86645
86655
86663
86664
86667
86669
86670
86676
86678
86681
86682
86683
86684
86685
86686
86687
86688
86689
86691
86692
86693
86694
86695
86696
86697
86700
86701
86702
86704
86706
86707
86709
86716
86717
86718
86719
86721
86722
86723
86729
86730
86732
86733
86736
86738
86739
86741
86744
86745
86746
86747
86754
86761
86764
86765
86769
86774
86775
86776
86777
86778
86781
86782
86783
86785
86788
86789
86791
86792
86793
86796
86797
86798
86809
86811
86812
86813
86818
86819
86820
86824
86825
86828
86829
86830
86831
86833
86835
86838
86843
86846
86849
86856
86859
86860
86861
86862
86869
86870
86875
86878
86883
86885
86887
86889
86896
86899
86900
86901
86914
86915
86916
86918
86922
86923
86937
86940
86941
86942
86943
86944
86945
86962
86965
86966
86975
86976
86978
86990
87018
87043
87048
87049
87064
87066
87073
87074
87090
87161
87167
87178
87198
87204
87214
87230
87304
87311
87332
87342
87348
87362
87409
87413
87423
87425
87456
87470
87495
87500
87516
87562
87588
87613
87631
87633
87634
87642
87668
87682
87692
87751
87754
87758
87839
87851
87869
87877
87879
87896
87897
87925
87953
87972
87987
88022
88040
88052
88064
88130
88135
88142
88145
88149
88151
88153
88154
88155
88156
88161
88186
88187
88188
88190
88191
88192
88193
88194
88196
88199
88201
88202
88203
88205
88207
88208
88209
88279
88280
88281
88288
88290
88292
88295
88298
88301
88304
88305
88311
88321
88322
88334
88340
88341
88342
88343
88345
88355
88357
88362
88364
88380
88381
88384
88400
88406
88412
88423
88424
88429
88431
88433
88435
88436
88441
88444
88445
88453
88470
88488
88493
88500
88502
88515
88521
88532
88533
88538
88548
88563
88565
88567
88583
88585
88587
88588
88589
88590
88591
88592
88593
88594
88595
88598
88599
88601
88602
88606
88607
88608
88610
88611
88612
88613
88618
88620
88622
88661
88672
88677
88679
88680
88681
88682
88683
88684
88686
88688
88690
88691
88693
88701
88702
88714
88721
88722
88729
88734
88738
88760
88782
88796
88811
88836
88840
88868
88876
88879
88880
88887
88889
88911
88921
88947
88961
88971
88984
88985
88997
89012
89048
89063
89064
89082
89146
89151
89164
89176
89181
89192
89249
89252
89253
89282
89323
89324
89326
89332
89335
89341
89342
89343
89345
89346
89350
89351
89356
89361
89362
89364
89373
89378
89384
89385
89390
89402
89408
89435
89444
89470
89474
89477
89485
89491
89493
89496
89510
89518
89525
89527
89528
89537
89542
89545
89548
89551
89555
89567
89568
89569
89582
89596
89623
89624
89625
89626
89651
89652
89653
89655
89659
89660
89669
89681
89692
89696
89719
89727
89728
89738
89753
89756
89757
89760
89761
89762
89766
89773
89778
89780
89807
89815
89820
89826
89827
89830
89831
89834
89837
89845
89851
89852
89854
89855
89858
89861
89867
89868
89875
89876
89877
89878
89879
89886
89902
89903
89904
89924
89926
89929
89930
89933
89934
89941
89944
89948
89951
89952
89953
89957
89958
89962
89963
89966
89972
89975
89976
89981
89987
89997
89998
90015
90027
90029
90033
90045
90049
90061
90075
90076
90077
90083
90085
90089
90092
90097
90101
90110
90121
90125
90129
90134
90135
90144
90155
90175
90178
90187
90191
90198
90203
90204
90217
90223
90224
90241
90244
90245
90250
90260
90261
90262
90279
90286
90288
90294
90296
90297
90301
90305
90306
90308
90312
90320
90326
90342
90344
90366
90367
90370
90374
90377
90380
90402
90405
90408
90411
90413
90420
90426
90428
90430
90434
90437
90441
90448
90452
90474
90482
90493
90497
90500
90507
90519
90532
90533
90547
90548
90559
90570
90577
90578
90579
90595
90598
90600
90603
90605
90614
90619
90622
90627
90637
90641
90642
90644
90650
90651
90652
90654
90657
90664
90677
90689
90699
90700
90702
90705
90709
90711
90712
90728
90736
90741
90743
90747
90763
90765
90766
90782
90791
90799
90801
90805
90812
90820
90821
90823
90831
90834
90839
90840
90841
90842
90843
90844
90847
90848
90854
90856
90870
90878
90894
90899
90906
90910
90923
90950
90951
90965
90974
90978
90979
90981
90983
90984
90987
90995
90997
91005
91019
91027
91033
91034
91036
91040
91042
91043
91056
91073
91077
91089
91121
91159
91160
91164
91169
91183
91184
91187
91189
91197
91212
91213
91234
91239
91250
91255
91257
91258
91263
91271
91300
91304
91332
91340
91343
91350
91358
91365
91372
91375
91381
91394
91396
91401
91406
91412
91414
91416
91417
91420
91422
91433
91436
91440
91441
91447
91448
91456
91457
91459
91464
91471
91479
91480
91482
91521
91522
91535
91537
91556
91557
91560
91562
91570
91580
91588
91596
91604
91606
91616
91617
91620
91632
91656
91660
91673
91681
91689
91702
91710
91718
91723
91729
91744
91749
91761
91763
91772
91779
91782
91786
91793
91808
91813
91822
91823
91831
91834
91844
91852
91860
91862
91863
91869
91874
91880
91881
91883
91890
91891
91899
91902
91904
91920
91933
91935
91948
91951
91952
91954
91960
91961
91963
91973
91982
91985
91988
91991
91997
92001
92015
92017
92024
92034
92038
92044
92045
92046
92047
92049
92063
92066
92069
92079
92080
92095
92103
92110
92111
92114
92136
92150
92162
92181
92196
92213
92215
92251
92253
92258
92260
92270
92274
92276
92277
92279
92282
92283
92285
92296
92307
92325
92335
92339
92342
92347
92350
92353
92354
92368
92370
92372
92390
92399
92401
92408
92412
92442
92444
92445
92448
92456
92458
92482
92529
92541
92546
92575
92578
92581
92585
92608
92609
92611
92635
92643
92650
92653
92671
92685
92689
92695
92701
92705
92714
92722
92752
92753
92762
92764
92772
92789
92796
92809
92831
92833
92856
92862
92865
92866
92891
92895
92897
92899
92912
92913
92920
92964
92978
92981
92987
92989
93013
93020
93031
93095
93106
93107
93110
93112
93127
93174
93185
93187
93208
93210
93211
93212
93226
93235
93237
93238
93281
93283
93313
93316
93322
93323
93328
93340
93345
93346
93361
93362
93378
93382
93384
93388
93389
93391
93397
93401
93409
93422
93437
93438
93439
93440
93441
93459
93476
93511
93546
93552
93555
93558
93561
93564
93565
93566
93568
93570
93572
93573
93574
93579
93580
93583
93584
93585
93586
93588
93590
93591
93592
93593
93595
93596
93597
93599
93600
93601
93603
93606
93607
93608
93609
93610
93611
93614
93615
93617
93618
93619
93620
93630
93631
93635
93636
93637
93640
93642
93643
93644
93645
93647
93648
93649
93652
93656
93658
93659
93661
93663
93667
93670
93671
93672
93673
93674
93677
93678
93679
93681
93682
93684
93685
93686
93687
93688
93689
93690
93697
93702
93703
93706
93707
93709
93712
93713
93714
93716
93724
93726
93729
93730
93731
93733
93735
93738
93741
93743
93751
93752
93753
93754
93755
93762
93763
93764
93765
93767
93770
93772
93774
93776
93781
93783
93784
93785
93792
93800
93802
93803
93804
93805
93808
93809
93810
93820
93821
93822
93823
93824
93825
93828
93829
93830
93832
93834
93837
93839
93852
93859
93870
93875
93898
93903
93914
93920
93922
93950
93956
93968
93970
93973
93976
94043
94047
94052
94091
94099
94105
94112
94137
94141
94144
94146
94153
94158
94187
94207
94215
94221
94236
94240
94261
94284
94295
94317
94318
94380
