10000
17
30
72
89
111
113
115
116
117
119
124
125
127
129
130
334
419
424
429
542
629
665
748
801
867
883
884
891
900
902
903
918
937
1157
1163
1168
1176
1182
1190
1192
1199
1205
1212
1219
1227
1247
1262
1263
1264
1273
1274
1282
1291
1293
1314
1321
1327
1440
1447
1449
1457
1473
1476
1482
1505
1508
1519
1529
1530
1537
1542
1584
1592
1607
1640
1684
1791
1802
1822
1947
1971
2487
2508
2525
2527
2530
2533
2540
2557
2558
2621
2622
20694
22080
22085
22387
22408
22441
22475
22517
22552
22734
22849
22858
22903
22957
23002
23115
23122
23161
23303
23459
23568
23677
23698
23704
23707
23782
24103
24111
24140
24508
24644
24722
24736
24768
24809
24909
24911
25024
25098
25100
25107
25114
25147
25185
25286
25289
25307
25359
25382
25420
25466
25548
25704
25793
25965
26114
26127
26156
26236
26243
26255
26288
26385
26463
26555
26577
26699
26702
26709
26826
26907
26921
26937
26954
26992
26998
27064
27114
27232
27256
27354
27379
27422
27475
27576
27773
27951
28044
28212
28296
28387
28502
28658
28906
29021
29069
29142
29143
29144
29146
29176
29210
29242
29348
29393
29413
29440
29446
29447
29448
29449
29451
29480
29592
29731
29739
29828
29868
30014
30083
30165
30175
30268
30363
30467
30478
30480
30649
30970
31012
31025
31148
31208
31631
31671
31760
31768
31781
31803
31812
31879
31897
31900
31901
31902
31903
31912
31915
31925
31984
31985
31992
32016
32116
32118
32120
32123
32125
32134
32146
32157
32160
32163
32165
32166
32167
32183
32195
32196
32197
32200
32201
32206
32209
32213
32216
32220
32222
32225
32228
32232
32234
32236
32238
32239
32241
32251
32255
32256
32257
32260
32266
32276
32278
32294
32326
32330
32332
32333
32337
32338
32339
32341
32342
32347
32349
32352
32353
32354
32355
32356
32357
32358
32359
32360
32363
32364
32365
32371
32372
32374
32375
32378
32379
32380
32381
32383
32384
32385
32387
32389
32390
32392
32393
32395
32396
32397
32401
32402
32403
32405
32406
32410
32411
32412
32413
32458
32547
32693
33027
33186
33238
33295
33363
33364
33398
33565
33643
33645
33667
33790
33792
33812
33851
33871
33876
33877
33893
33932
33934
33944
33984
34004
34029
34035
34071
34145
34149
34158
34225
34242
34244
34253
34255
34285
34294
34398
34403
34479
34513
34548
34603
34616
34622
34708
34796
34800
34855
34865
34878
34903
34938
34974
34977
34983
35060
35062
35063
35083
35188
35201
35228
35229
35261
35262
35282
35288
35297
35306
35413
35441
35489
35632
35683
35762
35764
35765
35766
35769
35770
35771
35772
35773
35774
35775
35776
35778
35779
35780
35781
35782
35783
35784
35785
35786
35787
35788
35789
35790
35791
35792
35793
35794
35795
35796
35797
35816
35843
35885
35893
35942
35959
35966
35977
35982
35984
35997
36056
36072
36117
36128
36151
36155
36156
36162
36184
36189
36192
36197
36408
36432
36454
36481
36555
36558
36596
36648
36884
36945
36983
36986
37008
37010
37011
37070
37122
37177
37204
37294
37295
37366
37370
37383
37402
37424
37425
37476
37526
37564
37606
37624
37626
37627
37659
37735
37789
37853
37915
37919
37935
37944
37980
37993
37999
38020
38130
38156
38185
38189
38198
38226
38248
38321
38350
38353
38380
38381
38410
38415
38425
38451
38533
38625
38643
38697
38701
38726
38769
38794
38811
38888
38908
38928
38973
39047
39086
39087
39089
39145
39146
39149
39152
39162
39165
39181
39259
39516
39518
39588
39606
39613
39639
39656
39711
39715
39775
39791
39811
39831
39941
39955
39956
40029
40041
40046
40047
40126
40154
40228
40316
40319
40393
40471
40569
40619
40623
40624
40629
40664
40665
40672
40674
40695
40729
40731
40736
40744
40752
40785
41031
41057
41058
41086
41113
41128
41271
41284
41287
41296
41413
41484
41593
41620
41796
41797
41804
41817
41838
41847
41889
41891
41906
41960
41986
42043
42057
42114
42125
42229
42235
42245
42254
42263
42309
42326
42333
42338
42360
42367
42389
42391
42401
42472
42494
42536
42549
42555
42568
42583
42588
42608
42620
42642
42730
42755
42817
42997
43048
43126
43229
43300
43482
43508
43586
43592
43700
43712
43713
43770
43781
43849
43850
43852
43857
43873
43962
43963
43972
43980
43981
43983
43999
44013
44016
44029
44045
44052
44083
44085
44086
44092
44101
44102
44111
44129
44163
44166
44205
44216
44230
44256
44257
44261
44318
44342
44364
44389
44413
44414
44432
44441
44474
44505
44533
44549
44559
44762
44864
44867
44868
44888
44895
44973
45039
45111
45119
45124
45187
45250
45383
45403
45504
45579
45606
45685
45703
45767
45775
45786
45839
45917
45957
46077
46223
46471
46477
46545
46558
46608
46609
46628
46635
46636
46637
46640
46641
46642
46648
46654
46674
46745
46784
46786
46787
46788
46789
46790
46792
46793
46794
46795
46796
46797
46798
46799
46800
46801
46802
46803
46804
46805
46806
46807
46808
46809
46810
46811
46812
46813
46814
46815
46816
46817
46818
46819
46820
46821
46822
46823
46824
46825
46826
46827
46828
46829
46830
46831
46832
46834
46835
46836
46837
46838
46839
46840
46841
46842
46843
46844
46845
46846
46847
46848
46849
46850
46851
46852
46853
46854
46855
46856
46857
46858
46860
46861
46862
46863
46864
46865
46866
46867
46868
46869
46870
46871
46872
46873
46874
46875
46876
46877
46878
46879
46880
46881
46882
46883
46884
46885
46886
46887
46888
46889
46890
46891
46892
46893
46894
46895
46896
46897
46898
46899
46900
46901
46902
46903
46904
46905
46906
46907
46908
46909
46910
46911
46912
46913
46914
46915
46916
46917
46918
46919
46920
46921
46922
46923
46924
46925
46926
46927
46928
46929
46930
46931
46932
46933
46934
46935
46936
46937
46938
46939
46940
46941
46942
46943
46944
46945
46946
46947
46948
46949
46950
46951
46952
46953
46954
46955
46956
46957
46958
46959
46960
46961
46962
46963
46964
46965
46966
46967
46968
46969
46970
46971
46972
46973
46974
46975
46976
46977
46978
46979
46980
46981
46982
46983
46984
46985
46986
46987
46988
46989
46990
46991
46992
46993
46994
46995
46996
46997
46998
46999
47000
47001
47002
47003
47004
47005
47006
47007
47008
47009
47010
47011
47012
47013
47014
47015
47016
47017
47018
47019
47020
47021
47022
47023
47024
47025
47026
47027
47028
47029
47030
47031
47032
47033
47034
47035
47036
47037
47038
47039
47040
47041
47043
47048
47050
47051
47053
47054
47055
47056
47057
47058
47059
47060
47062
47066
47155
47168
47181
47194
47196
47204
47205
47261
47266
47287
47291
47314
47324
47333
47386
47421
47449
47459
47505
47514
47517
47576
47581
47590
47615
47638
47669
47691
47725
47737
47775
47862
47888
47930
47941
47944
47952
47954
47976
47984
48008
48035
48041
48079
48122
48157
48203
48224
48227
48250
48265
48269
48276
48287
48351
48455
48456
48476
48478
48481
48535
48582
48590
48625
48626
48683
48816
48877
48885
48907
48956
48958
48960
48964
48965
48966
48969
48982
48985
48989
49013
49023
49027
49062
49079
49135
49189
49210
49211
49291
49347
49349
49365
49373
49375
49393
49394
49397
49401
49406
49431
49437
49439
49459
49465
49467
49471
49476
49479
49480
49485
49486
49487
49489
49490
49491
49496
49502
49504
49508
49510
49514
49515
49518
49519
49520
49521
49522
49525
49531
49535
49538
49540
49542
49545
49549
49552
49553
49554
49555
49559
49567
49570
49571
49574
49576
49578
49579
49580
49581
49582
49583
49584
49586
49587
49588
49607
49609
49612
49614
49617
49619
49622
49626
49634
49635
49639
49646
49650
49653
49655
49660
49679
49699
49715
49766
49772
49773
49786
49814
49957
50008
50022
50058
50117
50130
50169
50173
50175
50176
50193
50283
50305
51095
51224
51237
51240
51292
51293
51372
51548
51550
51564
51590
51702
51703
51704
51707
51712
51713
51714
51718
51719
51729
51730
51735
51736
51740
51741
51745
51746
51748
51749
51750
51760
51786
51789
51790
51804
51812
51902
51995
52010
52042
52150
52152
52350
52495
52505
52638
52669
52691
52694
52744
52752
52759
52855
52875
52876
52879
52883
52984
53016
53029
53051
53087
53097
53198
53297
53299
53407
53411
53417
53418
53565
53625
53626
53778
53975
54065
54132
54152
54216
54331
54334
54348
54349
54350
54351
54352
54353
54354
54355
54365
54366
54368
54377
54381
54428
54626
54633
54637
54683
54684
54685
54768
54772
54773
54774
54791
54850
54861
54862
54863
54867
54870
54926
54931
54966
54968
54988
55107
55108
55114
55123
55136
55137
55146
55272
55278
55287
55291
55293
55299
55306
55321
55366
55423
55797
55829
55832
55834
55839
55854
55930
55941
56125
56161
56166
56229
56236
56237
56395
56488
56622
56680
56726
56828
56850
56932
56934
56947
57034
57048
57079
57176
57178
57774
57783
57786
57787
57827
57846
57907
57920
58159
58301
58328
58336
58338
58343
59348
59443
59529
59534
59540
59564
59569
59576
59611
59725
59726
59755
59757
59762
59786
59788
59789
59798
59856
59876
59908
59917
59919
59927
59932
59937
59942
59947
59957
59994
60020
60023
60036
60073
60512
60517
60520
60524
60536
60550
60734
60768
60770
60899
60915
60918
60922
60923
60931
60939
60942
60947
60948
60950
60953
60963
60966
60976
60979
60980
60987
60997
61000
61003
61008
61011
61014
61030
61031
61038
61048
61059
61060
61062
61067
61078
61084
61097
61107
61116
61134
61153
61171
61192
61206
61226
61242
61244
61290
61300
61304
61317
61334
61385
61507
61566
61583
61587
61589
61591
61593
61598
61604
61607
61611
61613
61626
61628
61632
61641
61643
61648
61650
61651
61668
61673
61680
61740
61751
61756
61757
61766
61805
61956
61960
61978
62114
62127
62129
62130
62174
62226
62253
62269
62448
62479
62484
62485
62491
62492
62493
62494
62496
62504
62508
62516
62518
62519
62520
62521
62523
62526
62533
62536
62537
62538
62542
62543
62546
62548
62557
62564
62565
62568
62573
62576
62578
62591
62593
62594
62598
62608
62610
62614
62616
62617
62618
62619
62620
62622
62627
62632
62642
62646
62649
62651
62658
62659
62665
62668
62673
62674
62676
62677
62682
62688
62693
62694
62695
62699
62702
62703
62705
62734
62735
62736
62737
62755
62757
62759
62760
62764
62771
62778
62788
62812
62819
62823
62831
62833
62845
62846
62851
62853
62871
62883
62889
62896
62897
62906
62924
62941
62950
63008
63017
63050
63069
63150
63158
63167
63241
63243
63283
63298
63300
63304
63317
63336
63341
63351
63402
63412
63414
63418
63421
63424
63425
63461
63472
63549
63565
63568
63577
63645
63650
63656
63662
63745
63748
63780
63790
63793
63865
63880
63885
63890
63895
63913
64111
64148
64163
64166
64316
64318
64330
64353
64395
64418
64422
64429
64430
64431
64507
64508
64631
64648
64649
64653
64695
64715
64782
64816
64818
64898
64900
64902
64905
64908
64909
64910
64927
64929
64935
64948
64949
64953
64964
64967
64968
64970
65130
65138
65146
65149
65154
65157
65161
65163
65172
65174
65188
65191
65192
65250
65272
65312
65334
65363
65629
65652
65689
65712
65762
65771
66170
66200
66385
66473
66477
66496
66502
66510
66529
66535
66564
66566
66595
66609
66927
66995
67106
67245
67948
67952
67953
68229
68231
68356
68366
68490
68521
68651
68755
68759
68760
68885
68887
68888
68889
68901
68909
68910
68911
68922
68944
68991
68992
68997
69005
69019
69036
69093
69100
69112
69164
69165
69199
69272
69290
69294
69295
69403
69414
69417
69418
69425
69435
69436
69461
69464
69480
69510
69512
69527
69554
69602
69604
69608
69610
69613
69618
69619
69627
69636
69696
69780
69822
69970
70128
70146
70147
70154
70157
70163
70244
70349
70376
70490
70492
70494
70495
70498
70587
70602
70617
70641
70648
70664
70703
70706
70707
70709
70732
70769
70783
70784
70785
70787
70843
70847
70849
70854
70857
70859
70918
70925
70949
70953
70957
71002
71028
71031
71033
71155
71239
71253
71257
71260
71273
71287
71327
71328
71329
71335
71364
71367
71412
71419
71428
71444
71481
71498
71532
71548
71567
71605
71617
71629
71638
71641
71642
71643
71649
71652
71792
71821
71889
71893
71918
71956
71986
71995
72014
72039
72071
72072
72084
72104
72171
72179
72184
72185
72234
72256
72257
72300
72307
72310
72311
72315
72340
72375
72380
72384
72385
72591
72646
72660
72676
72677
72748
72749
72757
72766
72772
72773
72779
72780
72782
72784
72802
72824
72844
72855
72867
72875
72888
72892
72980
72984
72988
72991
72994
73006
73007
73010
73046
73048
73092
73098
73100
73118
73136
73149
73150
73151
73152
73153
73157
73245
73249
73251
73252
73271
73281
73337
73347
73421
73425
73431
73504
73521
73522
73596
73650
73695
73697
73698
73699
73701
73714
73718
73746
73748
73749
73758
73846
73877
73961
73985
74014
74016
74095
74109
74136
74198
74201
74207
74208
74216
74229
74234
74239
74256
74312
74317
74318
74331
74395
74407
74420
74421
74422
74443
74465
74469
74491
74501
74509
74605
74612
74616
74617
74634
74688
74694
74698
74705
74727
74730
74816
74819
74848
74850
74856
74872
74878
74901
74914
74920
74933
74964
75016
75020
75033
75049
75050
75083
75087
75088
75135
75148
75197
75242
75253
75285
75290
75335
75347
75362
75365
75377
75381
75414
75418
75440
75452
75456
75469
75475
75556
75613
75617
75632
75677
75729
75733
75735
75749
75790
75814
75817
75844
75845
75855
75870
75901
75920
76026
76050
76051
76055
76133
76138
76139
76198
76199
76260
76274
76288
76326
76334
76346
76348
76365
76384
76460
76467
76547
76557
76573
76581
76683
76698
76700
76702
76707
76735
76738
76742
76748
76759
76776
76780
76784
76785
76786
76787
76812
76851
76901
76960
76965
76967
76980
76988
76995
77003
77015
77017
77018
77019
77025
77030
77047
77048
77049
77050
77053
77072
77083
77084
77097
77101
77111
77115
77123
77164
77197
77236
77328
77356
77372
77399
77496
77510
77885
77889
77933
78026
78027
78037
78068
78073
78083
78089
78108
78147
78155
78159
78168
78275
78276
78279
78281
78286
78295
78306
78347
78360
78461
78556
78565
78576
78617
78620
78631
78638
78711
78877
78900
78904
78906
78938
78946
78951
78963
78965
78996
79098
79108
79146
79173
79181
79214
79255
79256
79279
79280
79293
79313
79314
79336
79340
79409
79471
79551
79553
79559
79564
79574
79594
79620
79640
79684
79690
79691
79714
79784
79917
79918
79935
79946
79947
79996
80011
80024
80037
80075
80095
80253
80284
80338
80386
80387
80402
80423
80435
80463
80620
80643
80650
80994
80997
81001
81004
81017
81020
81023
81026
81037
81039
81040
81042
81090
81092
81099
81100
81106
81115
81121
81139
81152
81160
81161
81176
81325
81362
81440
81453
81469
81476
81477
81478
81480
81483
81485
81486
81487
81488
81489
81490
81491
81492
81493
81494
81495
81496
81497
81499
81500
81501
81503
81504
81505
81507
81508
81509
81510
81511
81512
81513
81514
81515
81516
81517
81519
81520
81521
81522
81523
81524
81526
81527
81528
81529
81530
81531
81532
81533
81534
81535
81536
81537
81538
81539
81540
81541
81542
81543
81545
81547
81548
81549
81550
81552
81553
81554
81555
81558
81559
81560
81561
81562
81564
81567
81568
81569
81571
81572
81576
81577
81578
81579
81580
81581
81582
81583
81584
81585
81586
81587
81588
81589
81591
81592
81593
81594
81595
81597
81598
81599
81600
81601
81602
81603
81604
81605
81607
81608
81614
81616
81617
81622
81624
81626
81628
81629
81631
81632
81633
81634
81635
81636
81637
81640
81641
81642
81644
81648
81650
81651
81652
81656
81657
81658
81669
81707
81916
81936
81997
82071
82166
82167
82194
82201
82203
82204
82205
82210
82218
82219
82222
82223
82224
82225
82226
82228
82231
82233
82235
82236
82237
82240
82242
82250
82254
82256
82257
82258
82290
82307
82317
82327
82328
82329
82345
82348
82352
82357
82361
82362
82363
82364
82370
82373
82378
82387
82389
82392
82394
82397
82399
82412
82428
82438
82443
82450
82461
82467
82468
82487
82490
82506
82511
82542
82543
82580
82598
82607
82609
82612
82624
82626
82627
82629
82641
82642
82645
82676
82691
82712
82714
82722
82729
82732
82740
82742
82758
82772
82780
82792
82796
82801
82831
82861
82918
82936
82938
82962
82980
82989
83012
83018
83021
83031
83033
83069
83074
83082
83094
83136
83143
83149
83161
83174
83192
83291
83293
83297
83298
83300
83301
83303
83305
83307
83319
83336
83337
83338
83457
83458
83523
83574
83577
83609
83613
83614
83697
83709
83734
83748
83793
83797
83856
83905
83965
83985
84000
84001
84007
84065
84067
84069
84145
84167
84209
84379
84447
84480
84496
84508
84518
84591
84656
84690
84698
84700
84716
84724
84745
84756
84784
84859
85090
85108
85168
85197
85213
85223
85237
85428
85469
85481
85551
85552
85553
85554
85557
85559
85593
85606
85624
85654
85806
85825
85860
85937
85939
85947
86278
86360
86361
86367
86386
86468
86469
86500
86604
86726
86787
86895
86964
86970
87030
87035
87036
87148
87189
87197
87226
87257
87361
87509
87533
87596
87622
87683
87763
87774
87775
87780
87781
87796
88014
88032
88038
88114
88136
88146
88181
88185
88218
88233
88248
88249
88273
88282
88293
88300
88317
88330
88331
88356
88389
88391
88393
88395
88399
88401
88402
88403
88404
88408
88411
88464
88471
88490
88542
88549
88579
88671
88740
88752
88778
88793
88817
88849
88852
88864
88882
88898
88907
89005
89183
89189
89256
89263
89274
89275
89276
89277
89279
89280
89281
89286
89291
89295
89302
89303
89304
89305
89355
89369
89379
89387
89389
89394
89398
89405
89407
89410
89413
89427
89428
89431
89440
89446
89447
89453
89454
89455
89464
89472
89476
89478
89487
89488
89499
89507
89508
89513
89517
89536
89538
89543
89553
89554
89556
89576
89578
89583
89599
89603
89609
89629
89638
89670
89675
89678
89689
89697
89698
89712
89718
89725
89734
89735
89743
89748
89764
89765
89767
89775
89783
89786
89793
89798
89806
89814
89836
89843
89859
89871
89883
89885
89888
89889
89890
89898
89921
89942
89945
89954
89960
89993
89994
89995
90023
90032
90072
90103
90104
90105
90108
90111
90132
90160
90196
90222
90253
90287
90324
90327
90347
90364
90391
90403
90407
90429
90466
90471
90475
90539
90583
90599
90656
90663
90684
90786
90815
90866
90884
90886
90920
90946
90961
90972
90990
91007
91067
91068
91114
91116
91117
91118
91119
91123
91124
91134
91141
91242
91252
91299
91320
91322
91331
91337
91349
91425
91428
91443
91455
91528
91542
91573
91575
91585
91590
91591
91625
91654
91664
91665
91706
91713
91739
91801
91839
91934
91937
91962
92003
92042
92051
92144
92183
92230
92240
92243
92252
92349
92380
92404
92421
92435
92501
92502
92503
92508
92555
92615
92672
92716
92771
92849
92854
92904
93056
93320
93357
93380
93528
93660
93816
93818
93846
93860
93923
93937
93938
94080
94413
94429
94549
94563
94567
94583
94584
94585
94589
94597
94617
94695
94697
94701
94702
94703
94704
94810
94896
94966
94969
95050
95061
95065
95082
95086
95087
95088
95107
95108
95112
95113
95116
95121
95132
95140
95150
95151
95169
95175
95177
95178
95181
95184
95188
95194
95196
95201
95204
95206
95215
95228
95231
95248
95305
95387
95414
95459
95575
95578
95583
95669
95685
95758
95812
95852
95855
95915
95939
95942
95972
95974
95983
95984
95985
95986
95991
95992
95994
95995
95997
95998
96004
96005
96008
96009
96042
96048
96052
96053
96056
96063
96065
96066
96073
96077
96078
96079
96082
96083
96090
96097
96102
96109
96111
96119
96125
96131
96135
96147
96155
96157
96158
96167
96187
96188
96224
96231
96232
96239
96247
96259
96260
96267
96289
96301
96303
96311
96312
96316
96347
96355
96366
96367
96397
96398
96409
96429
96448
96458
96535
96536
96562
96563
96564
96565
96573
96575
96603
96621
96637
96649
96658
96660
96690
96785
96788
96796
96831
96858
96862
96881
96905
96907
96935
96960
96970
96984
96994
97004
97009
97062
97063
97069
97131
97171
97238
97242
97257
97269
97271
97338
97382
97423
97426
97460
97599
97617
97641
97702
97703
97704
97705
97718
97719
97726
97783
97810
97884
97912
97929
97954
97969
97984
98040
98054
98073
98090
98105
98107
98110
98121
98171
98190
98211
98238
98261
98265
98325
98339
98356
98408
98479
98518
98522
98524
98600
98603
98661
98703
98919
98996
98997
98998
98999
99007
99045
99254
99295
99296
99304
99307
99308
99311
99343
99386
99514
99530
99706
99886
100032
100284
100416
100448
100449
100450
100451
100482
100537
100595
100646
100670
100912
100943
100985
101110
101119
101169
101176
101231
101267
101278
101329
101358
101428
101444
101446
101452
101549
101550
101556
101557
101558
101559
101575
101576
101581
101601
101603
101605
101615
101619
101624
101627
101628
101630
101631
101632
101633
101634
101635
101636
101637
101638
101639
101640
101642
101644
101645
101646
101647
101648
101650
101651
101652
101653
101655
101656
101704
101723
101813
101927
102019
102026
102061
102122
102191
102211
102220
102227
102232
102233
102234
102235
102236
102237
102239
102243
102244
102246
102247
102248
102250
102258
102285
102286
102295
102303
102311
102313
102318
102333
102345
102373
102383
102384
102392
102413
102421
102422
102424
102427
102449
102451
102452
102462
102487
102491
102493
102500
102506
102515
102541
102543
102545
102552
102587
102598
102621
102628
102634
102637
102641
102643
102650
102675
102684
102686
102706
102726
102727
102773
102777
102779
102780
102800
102816
102823
102845
102851
102889
102893
102912
102913
102918
102952
102973
102998
103009
103013
103044
103049
103062
103083
103118
103129
103157
103173
103176
103181
103190
103251
103308
103333
103343
103360
103384
103425
103493
103496
103547
103584
103601
103618
103655
103675
103721
103742
103762
103769
103780
103781
103812
103813
103865
103976
103991
104022
104028
104038
104058
104108
104117
104150
104220
104234
104310
104311
104314
104321
104452
104462
104470
104494
104509
104516
104545
104554
104567
104672
104772
104815
104943
104944
104945
104950
104997
105025
105102
105300
105314
105443
105570
105700
105799
105837
105839
106020
106137
106281
106304
106457
106462
106728
106747
106748
106761
106830
106876
106877
106925
106972
106996
106997
106998
107001
107324
107326
107362
107363
107364
107379
107387
107388
107393
107394
107395
107399
107400
107401
107402
107403
107410
107445
107466
107471
107481
107516
107522
107527
107541
107573
107616
107643
107652
107709
107739
107793
107794
107798
107799
107800
107857
108015
108020
108060
108068
108094
108098
108101
108104
108105
108106
108108
108129
108133
108136
108138
108141
108150
108151
108156
108161
108167
108169
108170
108171
108173
108181
108194
108195
108196
108199
108210
108236
108240
108247
108250
108265
108266
108268
108276
108303
108304
108307
108309
108332
108336
108338
108341
108352
108355
108362
108378
108383
108388
108389
108412
108418
108429
108431
108470
108481
108503
108510
108560
108567
108568
108571
108572
108573
108574
108601
108603
108604
108631
108644
108646
108654
108658
108659
108680
108689
108750
108768
108821
108861
108877
108879
108970
108991
109009
109012
109040
109053
109067
109073
109084
109105
109140
109192
109196
109202
109213
109236
109260
109319
109342
109420
109442
109553
109576
109623
109625
109637
109647
109743
109778
109819
109839
109876
109890
109901
109906
109912
109925
109964
109968
109972
109994
109997
110005
110007
110029
110032
110105
110108
110119
110139
110143
110186
110191
110227
110319
110326
110364
110450
110510
110612
110624
110694
110702
110713
110717
110814
110835
110840
110848
111057
111179
111189
111264
111310
111348
111920
111968
111970
111971
111972
112013
112177
112268
112284
112325
112327
112347
112367
112374
112388
112449
112459
112548
112587
112618
112619
112620
112621
112624
112625
112628
112656
112662
112794
112868
112922
112974
112992
112994
112995
112996
112999
113004
113012
113014
113015
113016
113021
113024
113029
113038
113040
113048
113051
113056
113073
113078
113079
113080
113083
113084
113085
113092
113094
113095
113099
113198
113218
113220
113270
113313
113315
113317
113357
113361
113363
113365
113436
113587
113588
113605
113606
113632
113634
113638
113639
113640
113641
113642
113644
113649
113698
113701
113702
113715
113717
113724
113753
113754
113765
113766
113769
113785
113789
113792
113796
113806
113809
113824
113834
113841
113845
113860
113865
113870
113876
113877
113899
113906
113907
113909
113928
113938
113946
113964
113969
113975
113990
113991
113998
114013
114027
114040
114069
114081
114084
114110
114121
114122
114125
114141
114142
114144
114145
114146
114157
114178
114186
114210
114214
114217
114230
114245
114261
114283
114289
114290
114320
114328
114342
114347
114360
114362
114374
114389
114393
114421
114434
114435
114448
114455
114482
114494
114499
114512
114516
114595
114627
114657
114664
114735
114762
114793
114794
114800
114812
114837
114853
114854
114855
114856
114862
114866
114873
114875
114879
114886
114936
114984
115018
115019
115130
115135
115209
115210
115245
115281
115313
115314
115315
115318
115345
115435
115520
115538
115543
115592
115606
115666
115747
115755
115758
115853
115881
115887
116124
116170
116228
116232
116362
116371
116428
116597
116606
116661
116732
116734
116755
116775
116806
116829
117034
117113
117114
117121
117617
117650
117651
117725
117833
117839
117877
117915
118179
118244
118249
118250
118490
118498
118553
118562
118565
118630
118670
118672
118676
118681
118699
118709
118710
118713
118733
118742
118750
118752
118755
118756
118758
118793
118817
118842
118847
118868
118904
118930
118954
119149
119168
119198
119224
119230
119232
119243
119244
119246
119271
119275
119334
119344
119348
119351
119352
119384
119387
119402
119407
119415
119423
119424
119427
119428
119433
119444
119455
119460
119465
119467
119475
119476
119481
119483
119493
119499
119501
119503
119512
119517
119527
119539
119540
119565
119583
119593
119596
119599
119608
119617
119627
119640
119651
119657
119659
119666
119684
119691
119694
119709
119721
119727
119733
119741
119742
119751
119775
119779
119792
119812
119813
119822
119826
119827
119842
119881
119882
119889
119898
119899
119902
119910
119950
119951
119981
119982
120010
120049
120066
120109
120124
120165
120206
120207
120209
120236
120337
120380
120385
120425
120459
120470
120486
120520
120538
120559
120565
120588
120623
120721
120751
120902
120906
120961
120978
120979
121025
121032
121136
121155
121181
121205
121255
121291
121358
121359
121371
121374
121442
121488
121511
121561
121610
121731
121738
121766
121790
121898
121925
121927
121930
121939
121942
121946
121953
122027
122056
122058
122079
122152
122169
122198
122207
122304
122313
122454
122470
122475
122724
122742
122744
122748
122760
122836
122876
123270
123290
123291
123292
123295
123404
123487
123632
123664
123700
123702
124012
124195
124250
124264
124265
124266
124267
124270
124271
124272
124273
124274
124616
124700
124704
124709
124714
124717
124733
124739
124747
124749
124754
124761
124774
124815
124823
124828
124830
124834
124853
124857
124868
124869
124871
124872
124873
124928
124950
125029
125089
125114
125155
125247
125256
125327
125359
125470
125484
125487
125491
125493
125500
125502
125504
125514
125520
125556
125559
125570
125577
125579
125580
125586
125587
125591
125599
125602
125609
125619
125620
125622
125623
125626
125627
125628
125632
125635
125639
125648
125655
125660
125682
125685
125689
125691
125693
125695
125697
125698
125704
125707
125713
125716
125732
125739
125740
125755
125756
125759
125779
125790
125799
125811
125813
125814
125833
125845
125848
125850
125852
125864
125867
125893
125924
125929
125998
126000
126003
126006
126008
126013
126015
126021
126027
126072
126078
126079
126082
126110
126135
126166
126198
126211
126296
126305
126328
126332
126336
126390
126402
126412
126434
126456
126457
126578
126605
126644
126652
126700
126716
126733
126737
126777
126822
126845
126858
126861
126913
126933
126952
126956
127068
127090
127163
127203
127206
127252
127256
127367
127377
127491
127494
127501
127556
127563
127612
127665
127710
127718
127750
127810
127842
127945
128004
128007
128026
128046
128069
128094
128117
128127
128188
128207
128210
128211
128303
128310
128319
128320
128332
128383
128398
128408
128442
128477
128478
128479
128481
128482
128562
128573
128579
128613
128734
128735
128754
128767
128829
128847
128848
128975
129089
129120
129208
129209
129237
129238
129240
129324
129333
129335
129600
129837
129838
129839
129879
129891
130068
130162
130165
130229
130288
130370
130402
130447
130575
130580
130583
130585
130588
130589
130590
130592
130647
130787
130975
130982
130983
130999
131008
131059
131065
131073
131075
131112
131179
131294
131343
131353
131385
131393
131395
131456
131478
131515
131519
131537
131540
131541
131544
131626
131629
131631
131632
131641
131646
131648
131650
131651
131664
131679
131700
131702
131715
131716
131719
131721
131730
131737
131741
131743
131750
131766
131771
131773
131779
131783
131786
131815
131841
131842
131851
131884
131899
131906
131907
131911
131957
131958
131973
131995
131997
132009
132022
132023
132027
132038
132042
132045
132070
132100
132109
132113
132118
132131
132134
132147
132154
132178
132224
132225
132228
132242
132243
132253
132255
132335
132404
132424
132430
132432
132440
132486
132595
132622
132725
132807
132924
133025
133036
133104
133121
133135
133158
133165
133173
133210
133277
133331
133358
133401
133412
133420
133421
133458
133468
133549
133683
133713
133769
133967
133992
134018
134089
134092
134151
134175
134413
134461
134467
134511
134513
134584
134673
134743
134746
134777
134790
134809
134861
134863
134871
135263
135288
135289
135351
135375
135383
135384
135539
135579
135590
135627
135757
135874
135878
135880
135912
135960
135985
135994
136127
136181
136234
136235
136236
136239
136244
136250
136256
136266
136270
136281
136285
136287
136296
136307
136314
136324
136359
136364
136373
136392
136401
136412
136413
136511
136544
136570
136584
136588
136625
136727
136729
136745
136747
136751
136753
136754
136756
136757
136759
136787
136788
136796
136803
136807
136808
136820
136824
136829
136832
136873
136880
136889
136899
136908
136911
136927
136931
136938
136939
136957
136967
136990
137003
137013
137022
137030
137034
137037
137043
137067
137070
137072
137090
137110
137115
137142
137173
137175
137182
137188
137220
137296
137300
137350
137351
137352
137358
137378
137390
137391
137412
137430
137523
137562
137583
137695
137797
137814
137879
137939
137998
138038
138067
138087
138089
138102
138125
138137
138175
138178
138191
138202
138213
138262
138298
138320
138345
138348
138443
138451
138476
138494
138660
138705
138718
138730
138865
138993
139032
139050
139061
139073
139083
139242
139279
139371
139372
139575
139745
140093
140223
140225
140226
140395
140457
140509
140588
140594
140613
140700
140775
140888
140889
140890
140891
140893
141059
141068
141168
141242
141245
141249
141280
141307
141308
141309
141310
141311
141312
141315
141320
141322
141323
141325
141326
141327
141328
141329
141330
141331
141348
141355
141365
141433
141451
141462
141502
141550
141563
141606
141773
141779
141780
141783
141784
141785
141786
141789
141790
141805
141820
141825
141836
141846
141847
141852
141853
141857
141860
141865
141870
141875
141877
141878
141893
141895
141916
141921
141950
141974
141975
141980
141998
142000
142001
142005
142010
142024
142053
142054
142055
142062
142063
142070
142084
142111
142122
142166
142167
142178
142179
142231
142238
142256
142271
142272
142296
142300
142313
142321
142342
142345
142375
142473
142493
142519
142521
142533
142535
142551
142564
142658
142685
142715
142741
142764
142769
142786
142793
142822
142968
143000
143009
143088
143099
143111
143147
143153
143180
143213
143223
143305
143388
143403
143474
143505
143616
143628
143713
143738
143823
143862
143864
143882
143902
143925
143984
144023
144024
144173
144286
144287
144401
144553
144570
144583
144627
144628
144698
144735
144794
144803
144854
144968
144989
145510
145511
145555
145576
145653
145740
145849
146062
146135
146137
146169
146321
146393
146522
146524
146528
146531
146549
146590
146591
146592
146593
146594
146596
146597
146600
146601
146602
146604
146605
146675
146685
146700
146702
146726
146749
146820
146822
146842
147034
147035
147116
147143
147144
147145
147146
147153
147154
147156
147175
147184
147185
147187
147188
147191
147193
147194
147209
147210
147213
147220
147228
147230
147233
147246
147247
147249
147256
147264
147266
147268
147279
147297
147304
147306
147312
147317
147318
147322
147328
147333
147358
147368
147378
147394
147408
147409
147413
147414
147427
147431
147460
147461
147463
147475
147483
147492
147499
147500
147501
147502
147503
147504
147506
147507
147508
147509
147510
147511
147512
147513
147514
147515
147516
147520
147521
147524
147533
147537
147545
147546
147556
147559
147560
147580
147592
147608
147618
147623
147635
147643
147681
147687
147706
147724
147744
147751
147775
147776
147830
147887
147895
147905
147921
147935
148007
148008
148029
148071
148171
148179
148187
148192
148213
148220
148270
148295
148382
148470
148537
148555
148570
148671
148826
148851
148915
148923
148971
148988
148992
149000
149034
149139
149200
149201
149206
149308
149310
149330
149390
149432
149518
149520
149593
149609
149665
149679
149725
149816
149818
149819
149826
149892
149928
150168
150264
150548
150597
150618
150644
150665
150840
150841
150865
150972
151005
151078
151108
151198
151210
151249
151252
151253
151255
151261
151544
151548
151566
151568
151570
151596
151597
151614
151627
151687
151688
151695
151788
151895
151960
151966
151970
152066
152434
152443
152554
152576
152872
152912
152915
152917
153067
153068
153070
153086
153092
153135
153184
153252
153255
153263
153288
153289
153292
153295
153297
153300
153304
153313
153323
153324
153330
153332
153336
153337
153338
153339
153340
153341
153342
153344
153349
153364
153367
153370
153376
153392
153394
153399
153401
153416
153436
153440
153441
153454
153456
153458
153489
153527
153532
153535
153541
153557
153569
153592
153640
153723
153803
153841
153846
153868
153879
153898
153900
153921
154028
154129
154202
154223
154257
154265
154301
154371
154417
154418
154515
154518
154558
154564
154576
154578
154579
154580
154610
154621
154634
154708
154714
154725
154726
154728
154731
154733
154735
154736
154738
154739
154740
154744
154745
154812
154822
154823
154828
154875
154881
154937
154942
154975
154977
154979
154981
154982
154991
154997
155008
155009
155024
155028
155030
155033
155036
155040
155086
155088
155090
155147
155280
155287
155289
155293
155302
155326
155336
155339
155361
155374
155384
155449
155564
155565
155566
155573
155574
155575
155576
155578
155579
155580
155581
155582
155583
155584
155585
155586
155587
155588
155589
155590
155591
155592
155593
155594
155595
155596
155599
155604
155611
155612
155614
155615
155616
155617
155618
155619
155620
155621
155622
155623
155624
155625
155627
155628
155629
155630
155631
155632
155633
155634
155636
155638
155639
155640
155641
155649
155650
155651
155652
155653
155654
155655
155656
155657
155658
155659
155660
155661
155662
155663
155664
155665
155674
155677
155682
155688
155729
155732
155796
155808
155810
155811
155814
155816
155819
155889
155892
155898
155902
155903
155908
155909
155970
155981
156024
156028
156046
156050
156073
156153
156207
156339
156356
156604
156643
156646
156651
156654
156661
156663
156666
156668
156670
156671
156672
156673
156677
156678
156683
156687
156688
156690
156696
156697
156699
156700
156702
156712
156714
156717
156721
156832
156905
156943
157013
157045
157052
157065
157066
157111
157149
157330
157428
157456
157483
157484
157547
157618
157620
157623
157627
157629
157631
157633
157634
157635
157645
157653
157663
157664
157665
157666
157670
157671
157672
157673
157674
157677
157678
157680
157681
157682
157683
157685
157686
157687
157688
157690
157692
157693
157694
157695
157696
157697
157698
157699
157700
157701
157703
157704
157705
157706
157707
157708
157709
157710
157711
157713
157715
157716
157717
157718
157719
157720
157721
157722
157723
157725
157726
157727
157728
157730
157731
157734
157735
157745
157746
157749
157751
157755
157757
157760
157761
157762
157767
157768
157769
157770
157771
157772
157773
157774
157775
157776
157777
157778
157779
157780
157781
157782
157783
157784
157785
157786
157787
157788
157789
157790
157791
157792
157793
157796
157814
157815
157816
157818
157819
157820
157821
157822
157825
157826
157827
157828
157837
157839
157840
157841
157842
157843
157844
157848
157849
157850
157851
157852
157855
157858
157861
157893
157920
157922
157967
157970
157994
158051
158082
158142
158149
158170
158261
158293
158425
158434
158440
158488
158507
158508
158555
158559
158581
158667
158681
158687
158688
158689
158690
158691
158692
158693
158694
158696
158699
158780
158796
158840
158854
158855
158860
158924
158941
158960
158984
159009
159064
159244
159255
159447
159539
159549
159558
159675
159698
159780
159833
159842
159848
159857
159862
159907
159971
159976
159982
160085
160106
160116
160126
160181
160189
160205
160206
160219
160285
160355
160356
160357
160358
160359
160360
160462
160469
160491
160552
160561
160589
160604
160610
160673
160686
160818
160856
160897
160899
160900
160922
160975
161034
161093
161096
161112
161127
161150
161175
161187
161247
161249
161258
161267
161304
161334
161339
161346
161348
161359
161361
161362
161491
161492
161500
161501
161502
161503
161535
161566
161568
161571
161573
161592
161677
161726
161946
161967
161973
161978
161981
161991
161994
162008
162086
162107
162201
162223
162224
162230
162231
162235
162242
162262
162271
162360
162410
162411
162421
162431
162434
162497
162509
162580
162581
162591
162782
162783
162808
162878
162889
162915
162967
162995
163025
163026
163057
163111
163126
163197
163246
163266
163316
163392
163393
163457
163555
163563
163569
163570
163680
163708
163724
163751
163758
163851
163855
163928
163933
163999
164028
164075
164094
164108
164109
164157
164165
164167
164169
164170
164188
164189
164190
164197
164198
164199
164207
164233
164309
164334
164342
164362
164486
164516
164523
164527
164528
164534
164535
164539
164545
164562
164582
164671
164691
164815
164847
164848
164865
164870
164872
164876
164892
164893
164896
164903
164936
164952
165047
165068
165075
165082
165083
165126
165139
165188
165194
165213
165292
165315
165385
165405
165413
165416
165421
165425
165497
165581
165582
165617
165618
165621
165663
165677
165682
165688
165721
165723
165754
166125
166127
166148
166170
166188
166234
166272
166320
166332
166387
166423
166432
166501
166503
166529
166554
166599
166603
166606
166607
166645
166706
166709
166719
166726
166741
166757
166788
166791
166812
166813
166814
166819
166859
166865
166883
166957
166960
166963
166964
166982
166990
167017
167034
167072
167117
167148
167157
167159
167161
167162
167171
167173
167177
167183
167184
167204
167280
167356
167360
167422
167458
167462
167463
167464
167479
167512
167515
167607
167612
167620
167631
167650
167680
167686
167700
167796
167823
167845
167896
167904
167906
167940
167959
167994
168002
168048
168049
168054
168058
168122
168128
168181
168185
168186
168187
168193
168196
168204
168209
168220
168225
168226
168228
168247
168273
168276
168277
168309
168427
168466
168486
168506
168516
168517
168522
168580
168590
168591
168592
168627
168681
168683
168685
168739
168740
168777
168779
168780
168788
168790
168792
168798
168800
168806
168808
168868
168869
168870
168871
168876
168881
168906
168915
168916
168923
168964
168984
169018
169023
169032
169044
169084
169089
169113
169114
169145
169185
169187
169188
169192
169200
169236
169282
169285
169288
169289
169297
169388
169427
169430
169431
169437
169619
169639
169643
169745
169762
169796
169801
169937
169946
169969
169971
170010
170012
170013
170014
170016
170017
170023
170024
170028
170030
170034
170111
170118
170127
170137
170217
170295
170310
170331
170378
170422
170430
170445
170449
170454
170575
170577
170612
170648
170658
170665
170676
170677
170684
170692
170700
170719
170733
170740
170741
170751
170762
170766
170784
170795
170797
170798
170807
170812
170816
170817
170828
170857
170859
170865
170870
170871
170895
170924
170925
170937
170953
170971
170975
171203
171246
171252
171275
171291
171329
171468
171474
171502
171604
171607
171634
171693
171748
171782
171799
171838
171872
171899
171974
172039
172043
172251
172273
172274
172453
172506
172511
172512
172606
172618
172636
172692
172737
172785
172801
172806
173033
173313
173315
173466
173588
173720
173721
173722
173724
173727
173805
173953
173954
173964
173969
174097
174107
174111
174133
174232
174241
174250
174313
174353
174395
174466
174473
174476
174488
174499
174504
174505
174506
174522
174529
174533
174539
174544
174564
174585
174588
174589
174637
174639
174648
174657
174684
174686
174721
174734
174753
174756
174762
174764
174773
174814
174823
174833
174892
174897
174914
174928
174938
174958
174962
175023
175064
175132
175135
175146
175283
175305
175595
175609
175691
175705
175728
175809
175921
175966
175973
176002
176074
176122
176181
176274
176347
176371
176401
176419
176420
176479
176482
176486
176488
176489
176501
176523
176662
176674
176729
176734
176739
176861
176862
176863
176886
177020
177022
177198
177204
177299
177300
177312
177354
177427
177439
177756
177812
177817
177863
178031
178045
178052
178054
178078
178079
178083
178197
178201
178281
178285
178309
178329
178353
178359
178488
178498
178504
178505
178506
178510
178512
178526
178531
178548
178552
178561
178571
178577
178589
178595
178597
178605
178607
178612
178614
178616
178622
178631
178647
178681
178682
178685
178688
178704
178705
178720
178721
178723
178726
178732
178746
178750
178761
178793
178794
178810
178868
178882
178928
178952
178975
178987
179029
179056
179070
179130
179184
179230
179319
179321
179359
179374
179419
179420
179490
179665
179705
179761
179765
179826
179831
179868
179953
180048
180073
180120
180130
180340
180387
180394
180406
180407
180415
180490
180766
180795
180796
180929
180932
181098
181205
181301
181425
181426
181455
181460
181648
181655
181880
181883
181900
181930
181931
181938
181958
181960
181986
182052
182155
182212
182264
182265
182267
182268
182270
182272
182304
182305
182306
182309
182310
182323
182329
182331
182332
182333
182353
182360
182369
182378
182383
182389
182390
182397
182404
182405
182406
182423
182447
182451
182475
182517
182519
182567
182587
182593
182599
182609
182622
182655
182676
182697
182702
182743
182744
182768
182797
182798
182820
182829
182859
182876
182980
182993
183032
183076
183094
183099
183102
183128
183170
183213
183389
183522
183526
183532
183603
183622
183672
183688
183727
183736
183751
183789
183794
183858
183966
184102
184118
184193
184195
184200
184205
184387
184391
184400
184485
184822
184990
185017
185021
185212
185280
185281
185502
185505
185506
185635
185768
185775
185783
185788
185820
185837
185874
185886
186020
186198
186229
186231
186254
186262
186279
186299
186310
186313
186317
186318
186323
186326
186328
186330
186334
186361
186387
186421
186423
186437
186476
186477
186487
186488
186562
186613
186614
186622
186648
186661
186723
186872
186880
186911
187100
187202
187222
187357
187369
187414
187430
187492
187551
187793
187819
187851
187862
187865
187924
187959
187961
187967
188057
188138
188167
188168
188169
188222
188278
188283
188327
188379
188438
188516
188588
188781
188782
188783
188785
188831
188854
189096
189304
189308
189309
189311
189312
189313
189415
189531
189534
189535
189546
189550
189558
189636
189663
189678
189715
189752
189864
189868
189873
189880
189884
189905
189906
189927
189936
189947
189956
189959
189961
189962
189963
189965
189967
189971
189977
189981
189997
190008
190015
190033
190035
190048
190054
190063
190079
190106
190133
190153
190159
190160
190189
190190
190193
190220
190265
190324
190333
190351
190352
190383
190397
190434
190535
190612
190725
190737
190738
190762
190811
190874
190960
191018
191019
191020
191055
191101
191115
191132
191147
191208
191356
191357
191367
191368
191385
191398
191405
191406
191407
191408
191410
191412
191413
191414
191415
191456
191563
191621
191659
191669
191784
191983
191984
192026
192035
192334
192562
192563
192564
192613
192755
192880
193038
193039
193041
193043
193255
193277
193286
193294
193322
193325
193341
193371
193386
193458
193481
193546
193624
193625
193626
193628
193638
193649
193650
193655
193663
193669
193680
193685
193703
193744
193749
193753
193759
193784
193789
193797
193798
193802
193804
193805
193807
193812
193813
193815
193826
193833
193843
193863
193877
193880
193903
193905
193919
193930
193955
193966
193980
193998
194023
194040
194054
194065
194120
194121
194136
194140
194165
194186
194194
194270
194273
194287
194308
194315
194320
194363
194522
194559
194824
194925
195022
195164
195200
195209
195254
195256
195278
195287
195599
195604
195605
195606
195642
195661
195662
195667
195727
195763
195846
195866
195895
195952
195956
195963
196170
196333
196463
196464
196507
196513
196535
197176
197181
197188
197192
197243
197249
197261
197262
197268
197286
197297
197298
197306
197331
197349
197368
197429
197438
197454
197511
197647
197678
197689
197692
197696
197697
197708
197715
197726
197730
197741
197746
197751
197765
197782
197824
197831
197832
197857
197865
197880
197896
197900
197922
197925
197942
197952
197953
197973
198035
198077
198107
198111
198119
198130
198151
198184
198188
198197
198201
198212
198419
198477
198548
198600
198674
198692
198700
198733
198760
198795
198913
198923
198970
198988
199009
199015
199073
199079
199093
199117
199150
199180
199206
199303
199407
199428
199448
199465
199466
199476
199479
199480
199527
199532
199536
199639
199671
199672
199712
199718
199846
199888
200274
200336
200338
200361
200368
200369
200371
200401
200587
200647
200747
200807
200809
200810
200811
200813
200890
201110
201114
201122
201148
201161
201170
201198
201199
201200
201201
201202
201203
201374
201482
201485
201487
201489
201501
201521
201524
201539
201546
201547
201569
201576
201577
201579
201588
201591
201600
201620
201621
201625
201647
201656
201662
201664
201674
201701
201730
201762
201793
201800
201803
201827
201845
201853
201861
201944
201947
201949
201982
202109
202201
202393
202669
202681
202782
202807
202873
202911
202984
203060
203091
203250
203318
203372
203394
203589
203633
203647
203749
203818
204018
204254
204255
204272
204715
204718
204719
204724
204909
204914
204938
204975
204997
204999
205023
205027
205068
205093
205140
205183
205275
205276
205323
205333
205343
205345
205358
205365
205367
205383
205387
205391
205395
205397
205401
205415
205461
205466
205484
205493
205496
205508
205509
205530
205548
205557
205558
205575
205579
205588
205600
205607
205628
205655
205659
205661
205663
205682
205697
205701
205742
205778
205812
205816
205825
205829
205830
205831
205860
205913
206007
206008
206016
206019
206025
206027
206028
206031
206036
206041
206056
206086
206119
206190
206199
206200
206236
206361
206367
206421
206542
206543
206551
206796
206817
206856
206929
206937
206958
207043
207185
207300
207320
207428
207432
207450
207451
207459
207461
207582
207612
207628
207675
207714
207725
207952
208041
208060
208088
208283
208285
208290
208311
208316
208385
208466
208538
208539
208540
208684
208754
208755
208756
208757
208763
208764
208765
209035
209036
209041
209064
209071
209078
209091
209202
209320
209429
209460
209521
209537
209540
209550
209556
209565
209568
209578
209583
209590
209593
209606
209611
209618
209644
209649
209659
209664
209678
209679
209694
209705
209728
209741
209771
209788
209800
209838
209854
209900
209907
209922
210026
210027
210051
210061
210076
210148
210162
210172
210222
210224
210241
210432
210614
210658
210839
210960
211031
211098
211125
211143
211173
211235
211317
211461
211579
211812
212072
212096
212263
212276
212277
212330
212462
212463
212464
212687
212702
212711
212712
212717
212722
213029
213034
213040
213114
213121
213122
213153
213158
213168
213188
213197
213198
213215
213223
213255
213316
213321
213325
213344
213348
213425
213475
213477
213557
213564
213604
213648
213669
213688
213767
213818
213831
213912
213918
214024
214068
214249
214619
214768
214794
214897
215015
215026
215027
215034
215092
215333
215615
215705
215789
215793
215795
215838
215839
215840
215867
216080
216146
216150
216151
216172
216245
216262
216329
216383
216477
216480
216561
216562
216568
216574
216579
216580
216584
216594
216636
216651
216652
216657
216667
216686
216818
216908
216909
216922
216977
217046
217050
217098
217104
217186
217207
217210
217215
217221
217225
217261
217278
217279
217312
217321
217397
217486
217501
217921
218027
218043
218048
218051
218063
218065
218078
218091
218117
218141
218184
218248
218257
218325
218361
218366
218386
218387
218388
218396
218401
218417
218459
218610
218665
218711
218713
218725
218768
218803
218804
218805
218809
218816
218823
218835
218843
218845
218859
218878
218882
219086
219091
219163
219168
219182
219264
219265
219266
219271
219286
219295
219300
219302
219306
219328
219330
219349
219357
219364
219373
219374
219381
219385
219389
219392
219405
219407
219408
219443
219502
219540
219647
219693
219701
219737
219763
219767
219774
219780
219816
219863
219865
219866
219873
219927
219942
219948
219956
219972
219979
220076
220125
220208
220239
220305
220317
220360
220404
220410
220415
220423
220465
220466
220482
220487
220493
220494
220495
220510
220512
220513
220776
220787
220789
220793
220797
220799
220802
220814
220818
220823
220824
220825
220828
220835
220874
220876
220891
220898
221016
221026
221043
221055
221058
221060
221192
221197
221203
221214
221230
221265
221273
221275
221280
221281
221287
221375
221407
221408
221438
221439
221463
221477
221482
221490
221495
221510
221560
221562
221570
221571
221575
221585
221594
221642
221799
221808
221812
221822
221835
221880
221896
221900
221901
221924
221987
222001
222012
222015
222072
222103
222137
222149
222153
222155
222156
222158
222163
222164
222183
222190
222235
222252
222361
222366
222373
222377
222401
222450
222457
222458
222461
222467
222553
222629
222659
222692
222713
222725
222750
222757
222783
222801
222812
222813
222816
222819
222916
222936
222938
222947
223029
223052
223054
223087
223096
223110
223143
223152
223153
223183
223237
223243
223247
223251
223256
223260
223265
223308
223323
223385
223386
223387
223392
223402
223520
223527
223541
223543
223632
223688
223698
223709
223712
223717
223728
223769
223800
223801
223808
223823
223843
223868
223903
223912
223914
223933
223961
224017
224034
224057
224072
224111
224134
224137
224247
224254
224259
224337
224369
224373
224377
224382
224400
224407
224528
224531
224614
224622
224677
224720
224723
224727
224736
224748
224751
224788
224878
224924
225041
225042
225076
225091
225140
225141
225150
225151
225159
225265
225267
225291
225374
225383
225396
225397
225402
225434
225455
225564
225614
225652
225687
225688
225705
225706
225712
225730
225781
225786
225790
225793
225796
225797
225808
225817
225881
225901
226027
226044
226059
226082
226094
226145
226146
226176
226200
226204
226242
226299
226301
226314
226390
226593
226601
226671
226699
226715
226772
226786
226822
226933
226990
227031
227051
227066
227073
227097
227280
227375
227494
227498
227533
227598
227605
227621
227642
227682
227691
227711
227718
227719
227720
227724
227725
227726
227852
227859
227960
228053
228059
228084
228147
228161
228252
228265
228273
228298
228300
228406
228462
228481
228493
228568
228578
228606
228661
228665
228668
228672
228674
228676
228687
228695
228768
228769
228775
228777
228778
228781
228782
228783
228784
228785
228786
228892
228919
228987
229026
229066
229068
229071
229139
229146
229163
229167
229222
229223
229224
229233
229236
229289
229332
229337
229360
229437
229444
229478
229577
229588
229620
229627
229628
229630
229632
229638
229760
229771
229780
229782
229806
229865
229866
229883
229951
229981
230003
230014
230116
230117
230146
230159
230203
230205
230213
230228
230230
230241
230243
230248
230292
230367
230410
230552
230564
230590
230609
230656
230662
230666
230670
230676
230681
230682
230777
230803
230812
230818
230922
230925
230926
230939
230943
230959
230994
231066
231188
231189
231193
231195
231280
231341
231371
231375
231376
231469
231470
231472
231489
231493
231499
231619
231635
231711
231723
231812
231872
231873
231946
231975
232099
232106
232267
232284
232290
232294
232303
232305
232369
232374
232377
232379
232381
232382
232389
232393
232401
232402
232405
232414
232427
232431
232436
232438
232440
232447
232451
232452
232461
232480
232727
232743
232745
232747
232759
232822
232832
232848
232850
232935
232936
232938
232944
232950
232959
232964
232977
233087
233088
233104
233107
233238
233346
233417
233434
233541
233543
233547
233549
233550
233610
233611
233612
233655
233659
233668
233672
233676
233682
233700
233704
233711
233716
233722
233738
233743
233754
233758
233766
233784
233790
233797
233832
233848
233867
233899
233908
233968
233970
234001
234007
234009
234050
234053
234084
234095
234113
234133
234142
234148
234199
234201
234283
234298
234328
234362
234372
234482
234513
234534
234954
235003
235020
235046
235061
235100
235121
235146
235170
235190
235239
235341
235389
235879
235885
235936
235945
236029
236238
236239
236240
236244
236470
236526
236527
236530
236551
236562
236615
236628
236664
236809
236849
236895
236897
236904
236922
236929
236946
236950
236960
236963
236975
236983
236993
236996
236998
237001
237004
237025
237031
237036
237062
237124
237129
237130
237164
237182
237214
237239
237245
237283
237286
237309
237317
237340
237416
237462
237552
237553
237555
237578
237586
237631
237692
237696
237729
237779
237787
237793
237907
238035
238053
238117
238491
238510
238537
238757
238839
238846
239021
239171
239387
239678
239790
239794
240025
240028
240029
240042
240043
240047
240049
240138
240153
240166
240283
240403
240482
240488
240517
240518
240520
240523
240534
240544
240568
240572
240573
240587
240588
240609
240616
240625
240634
240650
240657
240660
240663
240665
240677
240704
240707
240717
240738
240758
240763
240778
240810
240812
240828
240834
240838
240860
240937
240988
240998
241059
241107
241108
241142
241156
241198
241232
241318
241413
241452
241535
241693
241713
241849
241862
241930
242123
242177
242424
242426
242433
242495
242637
242701
242731
243030
243216
243229
243230
243259
243268
243548
243705
243923
243941
243963
243985
243990
243992
244034
244038
244073
244079
244094
244100
244105
244144
244157
244184
244249
244293
244295
244298
244310
244316
244317
244318
244341
244349
244352
244354
244389
244392
244415
244418
244423
244424
244432
244436
244445
244472
244524
244529
244544
244546
244568
244715
244774
244778
244873
244877
244997
245019
245025
245027
245165
245212
245261
245315
245453
245480
245518
245774
245791
245963
245978
246040
246105
246338
246625
246715
246847
246982
247159
247161
247376
247404
247435
247437
247442
247463
247464
247506
247564
247746
247789
247790
247796
247809
247820
247824
247835
247851
247888
247892
247904
247928
247950
247966
247969
247974
247975
247989
248003
248009
248047
248068
248078
248089
248129
248135
248167
248175
248223
248225
248259
248318
248628
248785
248983
249016
249138
249168
249252
249270
249277
249421
249483
249484
249485
249489
249490
249492
249516
249634
249706
250178
250179
250180
250214
250218
250249
250252
250447
250460
250563
250640
250736
250902
250905
250981
251099
251212
251214
251233
251242
251252
251255
251259
251271
251299
251307
251309
251319
251320
251325
251346
251347
251353
251361
251372
251401
251404
251411
251420
251433
251435
251442
251444
251504
251545
251573
251586
251643
251661
251768
252114
252161
252181
252211
252375
252425
252575
252578
252616
252790
252888
252896
252987
253069
253087
253138
253188
253204
253211
253545
253620
253721
253753
253804
253925
253986
254202
254220
254224
254226
254227
254231
254233
254236
254250
254284
254300
254303
254318
254351
254382
254388
254403
254404
254407
254456
254459
254465
254493
254521
254526
254550
254579
254618
254633
254635
254636
254640
254656
254657
254675
254704
254708
254710
254711
254734
254768
254811
254815
254818
254832
254852
254860
254866
254879
254884
254906
254911
255039
255047
255063
255151
255172
255181
255183
255189
255215
255219
255237
255285
255340
255350
255358
255418
255445
255449
255743
255778
255807
255901
255944
255958
255977
255983
256015
256043
256071
256107
256118
256119
256159
256176
256208
256253
256357
256371
256393
256518
256540
256541
256547
256583
256615
256632
256659
256710
256799
256804
256872
256884
257281
257282
257395
257863
258127
258128
258157
258161
258183
258198
258199
258206
258223
258238
258254
258291
258434
258446
258451
258484
258516
258519
258524
258537
258540
258545
258560
258572
258573
258574
258577
258581
258582
258589
258595
258614
258622
258626
258628
258632
258639
258657
258663
258665
258667
258669
258670
258699
258710
258802
258826
258905
258919
258957
258968
259000
259043
259044
259117
259131
259135
259375
259399
259444
259453
259482
259561
259727
259871
259995
260110
260142
260194
260210
260223
260379
260381
260441
260484
260535
260537
260633
261064
261185
261360
261393
261449
261450
261670
261677
261678
261684
261691
261694
261716
261725
261754
261840
261857
261878
261900
261946
261947
261988
262005
262012
262013
262037
262042
262045
262053
262059
262080
262085
262090
262108
262136
262159
262192
262201
262203
262209
262238
262243
262263
262265
262303
262305
262349
262386
262443
262546
262562
262565
262587
262600
262603
262653
262727
262728
262729
262787
262805
262885
263013
263109
263134
263225
263233
263253
263392
263685
263686
263690
263753
263926
263944
263971
264371
264483
264651
264755
264764
264863
264907
264956
264989
264991
264992
264993
264994
264995
264996
264997
264998
264999
265000
265001
265002
265003
265004
265005
265006
265007
265008
265215
265227
265250
265264
265265
265266
265354
265368
265379
265414
265451
265536
265550
265551
265553
265555
265557
265563
265577
265581
265594
265618
265639
265656
265660
265677
265681
265683
265695
265696
265720
265746
265747
265753
265825
265827
265881
265910
266060
266131
266256
266268
266281
266325
266383
266397
266408
266573
266595
266648
266675
266875
266998
267023
267094
267108
267216
267277
267315
267610
267639
267702
267940
268013
268120
268188
268197
268263
268264
268266
268267
268268
268394
268400
268467
268469
268473
268505
268506
268508
268533
268548
268553
268557
268559
268570
268573
268575
268586
268590
268599
268617
268625
268656
268698
268792
268842
268965
268972
269052
269139
269155
269159
269193
269208
269270
269366
269391
269399
269425
269487
269537
269544
269560
269626
269629
269853
270044
270045
270409
270755
270777
270796
270838
270928
271013
271029
271034
271035
271148
271149
271150
271152
271153
271154
271155
271156
271157
271158
271159
271190
271191
271375
271501
271510
271511
271512
271530
271542
271570
271582
271617
271703
271716
271740
271764
271853
271904
271921
271922
271943
271947
271955
271973
271974
271977
271990
271991
271996
271998
272003
272007
272012
272017
272036
272045
272060
272092
272098
272103
272104
272127
272149
272168
272182
272183
272225
272235
272238
272241
272251
272280
272298
272344
272383
272384
272421
272508
272511
272576
272578
272590
272720
272881
272891
272975
273123
273131
273155
273184
273229
273231
273236
273243
273427
273495
273503
273522
273530
273542
273593
273684
273832
273906
274081
274297
274360
274429
274454
274615
274685
274688
274725
274911
274914
274916
274918
274968
274974
274975
274976
274988
275009
275061
275157
275167
275170
275187
275236
275297
275322
275440
275441
275452
275455
275461
275474
275488
275489
275492
275539
275550
275576
275627
275679
275707
275709
275786
276318
276388
276391
276408
276422
276447
276448
276452
276483
276490
276495
276505
276514
276515
276538
276540
276614
276656
276658
276758
276784
276830
276848
276882
276899
276900
277004
277005
277013
277080
277462
277516
277558
277608
277609
277645
277665
277820
277833
277865
277907
277941
277942
277944
277956
278011
278016
278041
278047
278052
278140
278263
278272
278288
278315
278349
278354
278466
278469
278474
278489
278558
278599
278651
278703
278715
278716
278842
278875
278893
278900
278938
278955
278963
278989
278991
279000
279019
279046
279059
279062
279077
279098
279102
279151
279166
279167
279180
279405
279412
279421
279437
279438
279439
279444
279472
279488
279504
279526
279562
279829
279830
280087
280110
280113
280204
280205
280354
280376
280380
280388
280398
280423
280439
280510
280516
280570
280609
280619
280710
280720
280747
280773
280800
280867
280887
280912
280924
280926
280940
280954
280965
281005
281053
281123
281126
281139
281143
281144
281148
281213
281248
281249
281258
281351
281364
281491
281500
281583
281669
281671
281744
281787
281867
281880
281905
281936
281969
281970
281999
282041
282081
282090
282105
282110
282119
282129
282145
282162
282193
282205
282241
282250
282251
282337
282338
282343
282346
282349
282351
282352
282353
282356
282359
282363
282373
282423
282425
282456
282480
282535
282536
282612
282615
282616
282619
282621
282635
282683
282689
282697
282710
282731
282745
282750
282816
282834
282847
282849
282851
282853
282855
282856
282866
282872
282886
282906
282940
282962
282964
282970
283063
283093
283096
283107
283110
283131
283259
283273
283315
283375
283593
283598
283614
283813
283814
283928
284008
284012
284019
284072
284191
284214
284217
284303
284338
284468
284471
284482
284609
284625
284690
284837
284856
284873
284882
284911
285022
285036
285099
285189
285296
285348
285411
285422
285435
285461
285464
285479
285496
285583
285611
285696
285711
285786
285791
285844
285883
285890
285892
285993
286005
286021
286037
286119
286145
286162
286163
286167
286278
286282
286289
286322
286348
286454
286521
286531
286540
286555
286572
286602
286607
286608
286641
286643
286644
286685
286723
286777
286804
286808
286820
286853
286934
286941
286942
286951
286971
287048
287079
287119
287123
287141
287244
287278
287279
287290
287309
287367
287368
287402
287405
287495
287507
287509
287513
287531
287564
287594
287637
287638
287817
287820
287887
287888
287901
287934
287955
287971
287978
287979
287981
287982
287984
288002
288010
288080
288091
288158
288174
288199
288213
288256
288371
288415
288417
288419
288432
288435
288504
288608
288610
288630
288633
288757
288816
288930
289001
289004
289011
289110
289132
289186
289189
289306
289407
289409
289458
289462
289485
289583
289595
289596
289597
289669
289678
289684
289685
289686
289692
289717
289733
289740
289750
289756
289761
289779
289781
289782
289788
289789
289792
290047
290054
290055
290064
290084
290088
290098
290108
290118
290131
290132
290140
290145
290168
290190
290220
290228
290264
290270
290297
290316
290326
290359
290377
290379
290384
290405
290411
290987
291251
291371
291375
291488
291798
291944
292063
292226
292280
292459
292549
292556
292557
292566
292576
292609
292765
292768
292773
292777
292798
292799
292800
292804
292807
292839
292840
292842
292855
292856
292874
292919
292989
293006
293038
293064
293088
293102
293114
293141
293177
293237
293272
293333
293341
293380
293494
293561
293607
293657
293744
293775
293821
293874
293916
293967
294211
294245
294296
294343
294387
294436
294472
294862
294893
294902
295194
295227
295229
295426
295432
295446
295505
295527
295696
295718
295781
295793
295803
295813
295821
295846
295849
295856
295862
295885
295902
295904
295905
295942
295943
295947
295961
295962
296003
296006
296026
296033
296043
296066
296132
296174
296185
296236
296263
296327
296380
296423
296427
296501
296560
296737
296850
296863
296995
297113
297185
297285
297368
297374
297377
297524
297525
297560
297595
297598
297939
298039
298267
298362
298398
298399
298414
298606
298651
298834
298860
298880
298883
298890
298906
298922
298943
298951
298952
298956
298970
298989
299017
299077
299080
299087
299137
299161
299224
299241
299246
299274
299310
299311
299339
299352
299355
299381
299398
299414
299443
299562
299706
299792
299799
299878
300106
300315
300384
300419
300513
300547
300549
300863
300934
301078
301126
301313
301318
301363
301455
301457
301458
301636
301646
301662
301766
301835
301886
301913
301996
302009
302014
302015
302021
302037
302038
302042
302075
302092
302094
302096
302105
302111
302135
302170
302228
302260
302264
302272
302296
302341
302500
302655
302897
303076
303248
303295
303315
303395
303420
303442
303554
303811
304090
304312
304388
304492
304666
304801
304822
304826
304831
304832
304847
304854
304855
304862
304864
304866
304878
304883
304892
304893
304894
304896
304899
304904
304921
304927
304932
304948
304960
304970
304977
305055
305088
305173
305275
305295
305335
305432
305496
305502
305512
305528
305567
305603
305661
305686
305821
305833
306025
306100
306138
306343
306405
306424
306430
306469
306635
306805
306859
306904
307366
307388
307453
307472
307473
307559
307658
307661
307668
307675
307687
307690
307701
307706
307718
307732
307762
307787
307807
307808
307817
307818
307825
307830
307831
307832
307851
307858
307867
307870
307886
307888
307932
308020
308037
308042
308061
308128
308129
308166
308198
308249
308329
308364
308369
308382
308406
308465
308475
308531
308568
308575
308593
308716
308720
308721
308831
308848
308850
308851
308852
308853
308856
308858
308859
308866
308911
308912
308913
308963
309158
309160
309187
309273
309298
309299
309363
309369
309711
309816
310183
310371
310372
310373
310376
310379
310386
310401
310410
310444
310445
310446
310457
310639
310704
310706
310713
310714
310724
310726
310736
310740
310741
310744
310748
310753
310764
310778
310782
310790
310796
310803
310813
310819
310820
310821
310822
310848
310889
310931
310961
310968
310971
310983
310989
310990
311003
311012
311022
311093
311160
311182
311230
311275
311285
311375
311562
311574
311757
311767
311942
311943
312011
312013
312053
312061
312085
312242
312326
312370
312612
312799
312800
312904
313052
313086
313158
313159
313160
313313
313318
313329
313330
313350
313353
313355
313356
313362
313363
313366
313367
313382
313404
313450
313466
313471
313558
313592
313662
313679
313742
313757
313758
313786
313794
313801
313819
313822
313824
313840
313860
313863
313878
313912
313923
313950
313956
313962
313965
314092
314139
314175
314181
314211
314212
314330
314384
314403
314464
314465
314479
314518
314519
314583
314602
314603
314683
314737
314753
314805
314899
314911
314951
314968
315046
315113
315144
315275
315783
315906
316110
316248
316450
316484
316562
316570
316720
316754
316794
316816
316817
316823
316899
316903
316906
316932
316972
317000
317014
317022
317045
317073
317277
317315
317539
317646
317669
317684
317715
317815
317818
317973
317992
318043
318071
318590
318829
318986
319109
319152
319239
319307
319317
319357
319363
319367
319371
319373
319374
319379
319389
319393
319399
319434
319475
319486
319581
319590
319606
319703
319803
319842
319942
319978
319988
319991
320036
320055
320066
320190
320287
320392
320441
320495
320510
320631
320743
320781
320847
320859
320973
321087
321140
321165
321179
321294
321369
321370
321373
321381
321538
321721
321734
321737
321775
321785
322005
322022
322024
322054
322055
322057
322066
322069
322085
322143
322148
322171
322177
322180
322217
322219
322276
322279
322815
322820
322865
322906
322922
322990
323073
323124
323306
323332
323415
323420
323529
323639
323655
323791
323875
324001
324064
324210
324270
324323
324324
324368
324505
324514
324555
324560
324561
324588
324627
324760
324761
324783
324801
324840
324861
324975
325017
325019
325027
325029
325030
325032
325085
325111
325116
325136
325218
325313
325348
325465
325997
326011
326017
326019
326025
326027
326029
326053
326068
326095
326101
326112
326115
326126
326140
326152
326237
326239
326241
326242
326243
326244
326247
326249
326251
326256
326257
326258
326263
326264
326266
326268
326269
326273
326274
326281
326282
326290
326291
