10000
16
20
34
109
118
121
122
123
126
128
132
134
135
136
137
138
139
140
141
142
143
144
145
146
147
148
149
150
151
152
153
154
155
156
157
158
159
160
161
162
163
164
165
166
167
168
169
170
171
172
173
174
175
176
177
178
179
180
181
182
183
184
185
186
187
188
189
190
191
193
194
195
196
197
198
199
200
201
205
206
207
208
209
210
211
212
213
214
215
216
217
218
219
220
221
222
224
225
226
227
228
229
230
231
232
233
235
236
237
238
239
240
241
242
243
244
245
246
247
248
249
250
251
252
253
254
255
257
258
259
260
261
262
263
264
265
266
267
268
269
270
271
272
273
274
275
276
277
278
279
280
282
283
284
287
290
293
296
326
333
335
339
341
379
381
393
430
439
546
563
584
588
590
593
613
618
624
625
631
633
634
635
638
639
640
641
642
643
645
646
647
650
651
652
653
654
655
656
664
666
668
677
679
681
683
689
702
712
715
718
719
725
727
730
734
740
762
764
805
806
807
810
812
832
834
835
843
857
887
888
896
916
922
934
950
968
969
1086
1087
1153
1162
1172
1173
1183
1186
1187
1188
1195
1211
1216
1220
1237
1267
1281
1288
1304
1306
1308
1323
1334
1496
1512
1515
1534
1541
1754
2513
2516
2545
2551
2552
2553
2554
2689
19436
20794
21244
22396
22403
22406
22412
22426
22434
22446
22447
22450
22452
22456
22465
22472
22490
22491
22499
22502
22510
22511
22521
22530
22539
22542
22546
22551
22557
22567
22629
22647
22650
22706
22718
22745
22764
22881
22893
22915
23006
23073
23289
23310
23341
23363
23401
23425
23505
23529
23537
23577
23647
23655
23670
23674
23714
23716
23744
23748
23750
23781
23793
23802
23830
23855
23872
23958
23995
24032
24088
24130
24137
24145
24148
24162
24182
24200
24210
24240
24302
24309
24320
24368
24371
24425
24427
24603
24609
24646
24691
24753
24794
24853
24878
24884
24913
24933
24977
25012
25041
25094
25096
25097
25099
25102
25103
25104
25105
25106
25108
25109
25110
25111
25112
25113
25116
25117
25118
25119
25121
25122
25128
25136
25141
25143
25150
25151
25160
25174
25177
25178
25183
25186
25189
25192
25195
25201
25203
25207
25210
25211
25221
25226
25227
25234
25235
25250
25257
25262
25264
25277
25278
25282
25283
25287
25293
25300
25302
25303
25304
25305
25306
25351
25453
25468
25533
25697
25700
25705
25715
25717
25736
25775
25784
25849
25951
25959
26037
26068
26115
26164
26254
26264
26297
26322
26328
26336
26377
26402
26421
26426
26461
26464
26485
26499
26557
26662
26670
26756
26783
26823
26831
26846
26897
26920
26969
26974
26988
27005
27045
27065
27102
27185
27276
27318
27325
27378
27398
27430
27460
27513
27528
27536
27692
27711
27722
27805
27859
27862
27872
27896
27985
27987
28058
28167
28211
28214
28215
28218
28220
28224
28228
28229
28254
28258
28347
28382
28422
28427
28500
28522
28574
28578
28618
28670
28677
28705
28737
28824
28951
28974
28990
29023
29024
29035
29074
29077
29140
29152
29166
29171
29183
29373
29394
29395
29396
29397
29400
29401
29402
29403
29404
29405
29406
29407
29408
29410
29411
29412
29415
29416
29417
29419
29422
29423
29424
29425
29427
29428
29429
29430
29431
29437
29439
29442
29443
29454
29455
29456
29461
29462
29463
29464
29466
29467
29468
29469
29470
29471
29472
29473
29474
29475
29478
29481
29483
29499
29500
29510
29518
29519
29521
29539
29540
29542
29558
29563
29564
29565
29566
29567
29570
29571
29572
29573
29574
29575
29576
29577
29578
29579
29580
29581
29582
29583
29584
29586
29587
29588
29589
29590
29591
29593
29594
29597
29598
29599
29600
29601
29628
29633
29635
29637
29639
29644
29645
29708
29709
29710
29729
29730
29732
29733
29735
29785
29797
29863
29895
29925
29984
29997
30084
30097
30116
30138
30367
30406
30426
30580
30588
30599
30618
30667
30869
30908
30935
30936
31101
31127
31138
31226
31232
31297
31368
31404
31411
31416
31417
31548
31564
31634
31639
31730
31740
31770
31778
31784
31791
31813
31815
31836
31873
31881
31893
31896
31898
31899
31904
31905
31907
31922
31923
31927
31965
31968
31969
31973
31975
31983
31987
31988
31989
31995
31996
31999
32000
32005
32007
32010
32031
32032
32034
32046
32048
32049
32050
32052
32067
32083
32102
32431
32440
32450
32459
32460
32480
32506
32538
32560
32564
32566
32567
32568
32569
32570
32574
32575
32577
32578
32581
32582
32583
32586
32587
32588
32589
32590
32592
32593
32594
32595
32596
32597
32599
32601
32602
32604
32605
32606
32608
32610
32611
32613
32614
32615
32616
32617
32618
32621
32622
32624
32625
32626
32627
32628
32629
32631
32632
32633
32634
32635
32636
32637
32638
32639
32640
32641
32642
32643
32644
32645
32646
32647
32648
32649
32650
32653
32654
32655
32656
32657
32658
32659
32660
32661
32662
32663
32664
32665
32666
32667
32668
32669
32672
32674
32675
32678
32679
32680
32681
32682
32683
32740
32861
32864
32865
32866
32875
32879
32901
32907
32912
32940
32943
32979
32990
33003
33004
33005
33015
33023
33053
33070
33072
33078
33088
33090
33099
33125
33126
33134
33154
33157
33169
33189
33193
33203
33231
33267
33293
33362
33365
33374
33379
33380
33383
33386
33397
33410
33412
33414
33415
33417
33419
33420
33439
33451
33477
33518
33519
33521
33531
33535
33539
33540
33558
33560
33564
33576
33578
33582
33587
33594
33646
33666
33678
33679
33692
33717
33720
33748
33751
33763
33777
33781
33784
33785
33789
33803
33848
33850
33859
33872
33890
33894
33897
33899
33928
33937
33939
33940
33941
33945
33948
33961
33963
33982
34000
34007
34015
34020
34024
34030
34031
34037
34051
34070
34103
34112
34143
34144
34151
34152
34155
34167
34185
34187
34188
34195
34209
34213
34226
34234
34237
34251
34252
34262
34302
34305
34314
34349
34350
34360
34369
34391
34397
34400
34402
34407
34419
34427
34451
34457
34458
34459
34465
34519
34521
34526
34527
34555
34562
34573
34604
34624
34625
34627
34633
34639
34662
34664
34666
34669
34674
34686
34703
34707
34709
34711
34712
34719
34721
34730
34732
34751
34752
34753
34798
34810
34811
34889
34898
34909
34911
34912
34918
34922
34933
34943
34980
34982
34988
34992
34995
34997
35004
35024
35028
35030
35031
35034
35036
35037
35050
35057
35061
35064
35065
35066
35073
35075
35128
35130
35131
35134
35144
35156
35165
35179
35227
35233
35238
35239
35264
35285
35294
35302
35316
35325
35334
35345
35346
35348
35364
35366
35377
35395
35399
35402
35418
35432
35433
35452
35468
35484
35490
35494
35502
35532
35534
35548
35561
35607
35610
35635
35638
35639
35651
35652
35656
35681
35715
35738
35802
35803
35810
35814
35847
35864
35865
35869
35889
35894
35910
35944
35972
35974
35975
35976
35979
35980
35983
35987
35989
35991
35992
36047
36052
36054
36063
36066
36084
36087
36094
36114
36118
36119
36124
36126
36129
36134
36137
36139
36154
36158
36161
36164
36165
36167
36171
36172
36174
36195
36198
36199
36200
36204
36205
36206
36207
36211
36222
36225
36247
36284
36286
36288
36293
36317
36331
36358
36371
36427
36428
36449
36452
36453
36483
36497
36507
36517
36531
36540
36559
36561
36588
36590
36592
36597
36600
36615
36650
36656
36699
36725
36727
36728
36734
36779
36800
36802
36835
36840
36842
36871
36883
36885
36886
36971
36973
36985
37062
37063
37067
37097
37105
37108
37115
37139
37157
37180
37202
37209
37227
37238
37241
37275
37296
37297
37298
37299
37300
37301
37307
37314
37334
37340
37373
37374
37375
37379
37381
37382
37384
37385
37389
37397
37428
37429
37434
37437
37445
37471
37473
37482
37503
37519
37524
37528
37543
37573
37637
37640
37645
37650
37653
37702
37739
37743
37766
37770
37771
37786
37829
37845
37846
37847
37865
37888
37894
37897
37912
37917
37953
37957
37970
37971
37988
37992
38002
38005
38017
38018
38042
38056
38077
38080
38107
38110
38118
38125
38152
38164
38228
38242
38269
38274
38279
38281
38342
38347
38354
38367
38384
38389
38419
38422
38426
38453
38474
38478
38506
38517
38524
38525
38536
38537
38539
38580
38588
38589
38592
38593
38600
38627
38654
38655
38682
38684
38686
38688
38690
38691
38695
38696
38706
38710
38716
38722
38724
38725
38731
38746
38793
38797
38812
38849
38864
38867
38889
38898
38903
38921
38922
38931
38966
38975
38976
38979
39011
39015
39035
39078
39095
39100
39106
39114
39133
39155
39157
39160
39166
39177
39186
39208
39209
39211
39212
39223
39231
39271
39286
39303
39304
39343
39351
39377
39381
39387
39394
39414
39435
39437
39445
39454
39488
39496
39517
39535
39537
39569
39575
39589
39599
39601
39603
39638
39640
39642
39670
39673
39677
39693
39717
39719
39720
39756
39762
39773
39790
39792
39845
39875
39897
39933
39988
40032
40043
40049
40053
40056
40128
40152
40161
40179
40180
40192
40219
40220
40251
40292
40294
40296
40320
40321
40327
40367
40369
40398
40415
40424
40463
40469
40482
40531
40556
40570
40571
40579
40581
40625
40627
40628
40653
40667
40669
40671
40673
40677
40696
40704
40714
40717
40730
40732
40755
40765
40771
40780
40788
40805
40817
40820
40833
40844
40852
40901
40916
40922
40923
40925
40932
40941
40965
40978
40981
40982
41004
41011
41025
41028
41054
41055
41056
41095
41129
41152
41153
41158
41161
41192
41218
41226
41228
41229
41258
41260
41267
41278
41279
41282
41283
41289
41290
41292
41304
41311
41328
41349
41353
41382
41383
41388
41418
41423
41428
41461
41486
41491
41532
41541
41555
41562
41573
41574
41589
41592
41597
41598
41601
41609
41617
41621
41622
41649
41652
41658
41678
41685
41690
41692
41696
41697
41709
41711
41712
41714
41716
41740
41781
41805
41806
41807
41811
41812
41819
41827
41828
41835
41836
41843
41845
41849
41851
41857
41862
41867
41869
41875
41890
41892
41893
41913
41930
41931
41962
41964
41989
41991
41992
41993
42012
42024
42029
42036
42050
42060
42064
42065
42070
42074
42077
42081
42122
42123
42128
42139
42149
42154
42166
42167
42169
42188
42190
42191
42194
42196
42227
42231
42241
42248
42259
42261
42266
42268
42286
42287
42299
42311
42318
42329
42343
42346
42347
42354
42375
42382
42388
42416
42424
42426
42427
42430
42438
42444
42449
42451
42471
42473
42478
42480
42493
42502
42525
42528
42529
42531
42534
42547
42576
42584
42596
42598
42599
42609
42614
42615
42616
42618
42676
42677
42681
42684
42691
42692
42698
42702
42729
42756
42757
42765
42784
42795
42847
42857
42859
42867
42872
42919
42943
42946
42954
42955
42957
42995
42999
43000
43001
43005
43012
43030
43033
43046
43110
43114
43120
43129
43135
43148
43167
43175
43192
43193
43219
43253
43256
43267
43295
43343
43347
43391
43401
43411
43459
43462
43467
43469
43480
43483
43544
43597
43599
43619
43711
43716
43718
43805
43847
43851
43853
43854
43885
43887
43913
43926
43930
43936
43937
43944
43948
43951
43956
43957
43959
43961
43966
43967
43968
43971
43974
43976
43986
43998
44000
44006
44007
44008
44009
44010
44012
44018
44024
44026
44027
44030
44033
44039
44042
44046
44047
44049
44050
44054
44057
44063
44064
44075
44084
44090
44093
44094
44095
44096
44099
44106
44107
44108
44114
44115
44119
44121
44125
44147
44161
44164
44168
44169
44172
44174
44185
44186
44192
44206
44209
44210
44211
44227
44228
44229
44233
44236
44243
44245
44251
44254
44300
44301
44307
44311
44312
44313
44316
44317
44327
44330
44331
44340
44341
44351
44352
44356
44359
44361
44368
44369
44371
44372
44374
44381
44390
44397
44402
44404
44405
44415
44416
44417
44420
44423
44426
44439
44440
44452
44454
44455
44456
44457
44458
44459
44460
44467
44472
44479
44481
44482
44484
44486
44507
44509
44511
44516
44517
44524
44544
44547
44563
44566
44573
44575
44581
44619
44622
44630
44636
44693
44707
44727
44728
44730
44731
44732
44733
44734
44736
44737
44739
44740
44742
44744
44745
44746
44747
44750
44751
44758
44763
44764
44767
44770
44772
44773
44774
44775
44776
44777
44780
44781
44783
44785
44786
44787
44788
44791
44792
44793
44794
44795
44798
44799
44807
44808
44809
44810
44811
44812
44814
44816
44817
44818
44819
44820
44821
44822
44825
44831
44832
44836
44837
44842
44844
44858
44859
44865
44869
44880
44889
44891
44897
44967
44988
45006
45010
45015
45018
45028
45042
45072
45075
45107
45129
45143
45165
45167
45185
45188
45241
45243
45247
45248
45252
45385
45386
45390
45392
45416
45462
45465
45498
45550
45556
45562
45634
45635
45687
45690
45730
45735
45739
45770
45771
45772
45773
45779
45785
45788
45814
45875
45890
45920
45936
45948
45962
45963
45964
45965
45975
45976
46009
46045
46047
46067
46076
46090
46126
46141
46196
46221
46224
46225
46226
46228
46229
46230
46232
46238
46247
46262
46271
46276
46310
46352
46353
46424
46441
46443
46453
46474
46488
46521
46542
46557
46559
46567
46585
46627
46633
46634
46638
46639
46646
46649
46652
46653
46658
46663
46665
46666
46668
46679
46683
46684
46689
46692
46694
46705
46708
46710
46718
46725
46727
46733
46736
46738
46746
46833
47068
47079
47144
47151
47152
47154
47169
47175
47179
47180
47182
47203
47208
47209
47214
47274
47284
47296
47311
47312
47315
47319
47358
47363
47377
47382
47387
47388
47391
47438
47460
47462
47465
47484
47495
47529
47536
47547
47554
47555
47598
47651
47661
47671
47679
47681
47687
47688
47701
47704
47706
47707
47716
47735
47739
47742
47745
47746
47748
47752
47753
47756
47761
47762
47764
47767
47768
47770
47773
47774
47778
47779
47783
47792
47794
47795
47803
47808
47863
47864
47876
47884
47916
47923
47932
47949
48011
48015
48023
48029
48064
48088
48101
48120
48149
48162
48168
48191
48221
48257
48261
48274
48299
48316
48359
48362
48377
48403
48404
48415
48434
48435
48436
48438
48439
48441
48442
48443
48444
48445
48447
48449
48450
48451
48452
48453
48454
48457
48458
48460
48461
48462
48463
48464
48465
48466
48467
48468
48469
48470
48471
48472
48473
48474
48475
48479
48480
48482
48483
48484
48485
48486
48487
48488
48489
48490
48491
48492
48493
48494
48495
48497
48498
48499
48500
48501
48502
48503
48505
48506
48508
48509
48510
48511
48512
48513
48514
48515
48517
48518
48519
48520
48521
48522
48523
48524
48525
48526
48527
48528
48529
48530
48531
48533
48594
48600
48665
48666
48676
48678
48682
48686
48704
48709
48738
48760
48811
48815
48819
48822
48823
48826
48832
48849
48876
48880
48886
48890
48893
48896
48908
48917
48919
48933
48946
48949
48951
48953
48957
48962
48963
48967
48971
48973
48974
48977
48992
48993
48994
48996
48997
48999
49001
49002
49003
49005
49007
49008
49011
49015
49025
49035
49036
49045
49053
49064
49066
49073
49090
49095
49097
49102
49103
49131
49133
49138
49143
49144
49155
49159
49167
49170
49182
49186
49193
49207
49213
49221
49222
49273
49274
49279
49281
49300
49309
49311
49318
49338
49370
49376
49700
49701
49709
49712
49713
49714
49716
49717
49719
49724
49725
49729
49743
49748
49754
49756
49759
49765
49768
49769
49771
49775
49776
49777
49779
49799
49800
49839
49847
49857
49861
49869
49871
49884
49918
49921
49932
49947
49953
49954
49958
49986
50011
50086
50099
50119
50128
50177
50184
50185
50189
50190
50192
50197
50198
50210
50214
50216
50222
50231
50234
50236
50239
50241
50245
50248
50301
50304
50320
50321
50324
50327
50342
50362
50385
50673
50690
51091
51097
51100
51102
51103
51109
51110
51115
51116
51117
51118
51119
51120
51121
51122
51125
51126
51127
51129
51131
51132
51133
51136
51137
51140
51141
51142
51143
51144
51145
51146
51147
51149
51150
51151
51152
51153
51154
51155
51156
51157
51158
51159
51160
51161
51162
51163
51164
51165
51166
51167
51168
51169
51174
51182
51205
51208
51209
51210
51211
51212
51213
51214
51216
51219
51221
51223
51225
51227
51228
51245
51251
51258
51284
51364
51371
51378
51403
51443
51445
51458
51459
51462
51486
51513
51547
51583
51588
51601
51619
51622
51636
51680
51697
51698
51705
51711
51727
51731
51738
51744
51751
51753
51762
51763
51791
51798
51806
51814
51822
51826
51830
51857
51884
51913
51964
51967
51977
51994
51998
52000
52001
52002
52003
52004
52006
52007
52008
52009
52012
52013
52014
52015
52016
52017
52018
52019
52020
52021
52022
52023
52024
52026
52030
52031
52034
52035
52036
52040
52044
52046
52047
52055
52057
52061
52062
52066
52073
52076
52077
52086
52087
52151
52155
52182
52190
52202
52204
52227
52230
52256
52258
52285
52322
52323
52326
52328
52334
52336
52338
52342
52344
52346
52522
52532
52539
52540
52569
52631
52634
52640
52641
52642
52643
52649
52653
52659
52672
52686
52696
52697
52698
52699
52701
52731
52749
52750
52755
52757
52761
52773
52781
52799
52812
52820
52843
52847
52856
52862
52863
52872
52880
52885
52886
52887
52890
52891
52897
52963
52965
52966
52967
52970
52973
52983
53009
53015
53022
53028
53030
53033
53035
53036
53037
53039
53041
53043
53050
53052
53053
53060
53061
53070
53073
53095
53099
53123
53129
53133
53165
53193
53196
53201
53207
53225
53272
53300
53392
53394
53398
53400
53401
53402
53403
53404
53405
53406
53408
53409
53410
53413
53414
53415
53416
53419
53420
53421
53422
53423
53424
53425
53426
53427
53428
53429
53430
53431
53432
53433
53434
53436
53437
53438
53439
53440
53441
53442
53443
53444
53445
53446
53447
53448
53449
53450
53451
53452
53453
53455
53456
53457
53458
53460
53461
53462
53463
53464
53465
53466
53467
53468
53471
53472
53473
53474
53475
53476
53477
53478
53479
53480
53481
53482
53483
53484
53485
53486
53487
53488
53489
53490
53492
53493
53495
53496
53497
53500
53501
53502
53503
53504
53506
53507
53508
53509
53510
53511
53512
53513
53514
53515
53517
53518
53519
53520
53522
53524
53525
53526
53529
53530
53531
53532
53533
53534
53535
53557
53558
53559
53560
53561
53563
53564
53571
53584
53585
53586
53590
53594
53603
53631
53649
53656
53657
53701
53703
53707
53755
53780
53781
53784
53785
53786
53787
53790
53791
53792
53793
53794
53795
53796
53797
53799
53800
53802
53804
53805
53806
53807
53808
53811
53812
53814
53817
53820
53821
53822
53823
53824
53825
53826
53827
53828
53829
53830
53831
53832
53843
53844
53845
53848
53849
53851
53854
53855
53858
53859
53861
53862
53864
53865
53870
53872
53874
53875
53876
53877
53878
53880
53881
53882
53883
53884
53885
53886
53887
53888
53890
53892
53898
53899
53901
53902
53905
53912
53914
53916
53917
53918
53921
53922
53923
53924
53925
53926
53928
53929
53930
53932
53935
53942
53987
53988
53989
53991
53992
53993
53994
53998
54001
54013
54014
54015
54016
54017
54018
54019
54021
54022
54023
54024
54025
54026
54032
54038
54070
54074
54087
54089
54093
54101
54138
54140
54155
54169
54182
54206
54214
54222
54223
54332
54336
54367
54372
54378
54380
54384
54385
54389
54390
54393
54404
54416
54422
54431
54433
54440
54445
54450
54451
54452
54453
54454
54455
54456
54457
54458
54459
54460
54465
54492
54499
54501
54508
54528
54534
54591
54624
54640
54645
54646
54647
54672
54674
54686
54687
54688
54689
54713
54731
54739
54761
54775
54776
54777
54778
54789
54796
54803
54804
54805
54808
54818
54822
54823
54851
54853
54868
54876
54878
54892
54898
54900
54929
54930
54939
54940
54942
54946
54969
54985
55018
55035
55042
55053
55063
55067
55071
55072
55073
55082
55083
55120
55135
55145
55148
55149
55150
55151
55154
55173
55184
55230
55240
55242
55244
55245
55257
55274
55276
55284
55286
55288
55294
55295
55296
55297
55298
55300
55301
55302
55311
55322
55324
55325
55329
55331
55335
55343
55344
55346
55363
55380
55391
55399
55404
55426
55429
55478
55491
55522
55588
55596
55601
55621
55622
55623
55624
55625
55642
55647
55663
55782
55789
55795
55803
55805
55817
55827
55838
55840
55841
55845
55846
55849
55850
55851
55853
55855
55858
55863
55869
55876
55906
55935
56068
56077
56083
56084
56112
56115
56116
56117
56126
56141
56142
56214
56235
56238
56239
56240
56248
56254
56260
56261
56262
56264
56265
56266
56267
56268
56269
56270
56280
56281
56282
56283
56284
56285
56286
56287
56288
56289
56290
56291
56292
56293
56294
56306
56307
56309
56310
56320
56356
56361
56362
56367
56370
56376
56385
56386
56389
56393
56394
56398
56402
56404
56425
56469
56474
56487
56489
56501
56527
56576
56592
56623
56629
56636
56637
56645
56664
56665
56669
56695
56696
56723
56729
56730
56731
56734
56738
56793
56854
56857
56884
56937
56939
56943
56944
56945
56996
57010
57011
57029
57031
57032
57033
57035
57036
57037
57040
57041
57043
57044
57049
57104
57105
57106
57139
57162
57180
57185
57191
57192
57211
57218
57245
57255
57276
57285
57286
57308
57309
57332
57336
57337
57338
57339
57344
57347
57350
57359
57361
57364
57365
57381
57419
57420
57421
57734
57737
57739
57744
57775
57778
57826
57843
57845
57854
57855
57856
57857
57858
57884
57922
57923
57928
57932
57933
57934
57935
57937
57939
57942
57943
57944
57945
57948
57963
57964
57965
57966
57967
57968
57969
57970
57971
57972
57973
57974
57983
57984
58076
58077
58078
58080
58081
58082
58083
58084
58085
58086
58087
58088
58089
58090
58091
58092
58093
58094
58118
58119
58120
58121
58122
58123
58125
58127
58140
58155
58157
58158
58161
58164
58173
58183
58184
58185
58194
58206
58207
58215
58247
58302
58308
58310
58312
58313
58315
58316
58326
58327
58329
58331
58333
58334
58341
58342
58344
58346
58347
58349
58350
58351
58355
58356
58358
58363
58366
58367
58368
58376
58377
58378
58379
58380
58381
58382
58383
58384
58385
58386
58387
58392
58393
58394
58395
58399
58400
58401
58402
58405
58406
58408
58410
58411
58413
58420
58421
58422
58423
58424
58425
58426
58427
58428
58429
58430
58431
58432
58433
58434
58435
58436
58437
58438
58439
58440
58441
58442
58443
58444
58445
58446
58449
58450
58451
58452
58453
58454
58455
58456
58457
58458
58459
58460
58461
58462
58463
58464
58465
58466
58467
58468
58469
58470
58471
58472
58473
58474
58475
58476
58477
58478
58479
58480
58481
58482
58483
58490
58491
58492
58493
58494
58495
58496
58498
58499
58500
58501
58502
58503
58504
58505
58506
58507
58508
58509
58510
58511
58512
58513
58514
58515
58516
58519
58520
58522
58523
58524
58525
58526
58527
58528
58529
58530
58531
58532
58535
58536
58537
58543
58549
58550
58559
58561
58562
58563
58564
58565
58566
58567
58568
58569
58570
58571
58572
58573
58574
58575
58576
58577
58578
58579
58580
58581
58582
58583
58588
58607
58608
58609
58610
58611
58612
58613
58614
58615
58616
58617
58620
58621
58651
58652
58653
59350
59464
59466
59531
59536
59539
59543
59550
59565
59566
59567
59568
59571
59572
59573
59574
59578
59579
59584
59585
59587
59588
59595
59601
59602
59613
59641
59654
59744
59791
59792
59793
59794
59795
59796
59797
59800
59801
59802
59805
59807
59809
59810
59811
59812
59813
59816
59819
59820
59825
59826
59828
59829
59833
59834
59835
59837
59875
59884
59893
59904
59910
59911
59916
59920
59921
59925
59926
59935
59940
59951
59953
59954
59956
59964
59965
59966
59970
59971
59979
59990
59998
60005
60006
60019
60022
60028
60030
60035
60037
60062
60063
60069
60072
60078
60108
60126
60135
60149
60152
60157
60216
60227
60231
60313
60384
60499
60500
60511
60516
60523
60527
60530
60535
60549
60573
60595
60648
60669
60676
60699
60701
60703
60719
60766
60769
60771
60772
60780
60781
60789
60796
60829
60885
60895
60903
60905
60907
60909
60911
60912
60913
60917
60920
60926
60927
60932
60936
60944
60945
60949
60951
60954
60956
60957
60960
60969
60970
60981
60989
60990
60991
60994
60995
60996
61001
61002
61004
61005
61007
61009
61010
61016
61020
61023
61028
61029
61040
61043
61045
61046
61054
61065
61069
61071
61079
61090
61092
61095
61098
61105
61106
61111
61112
61114
61118
61119
61120
61125
61131
61141
61143
61150
61155
61181
61186
61187
61189
61190
61194
61195
61203
61209
61210
61233
61235
61238
61245
61257
61266
61314
61318
61326
61340
61364
61382
61392
61395
61400
61408
61415
61417
61424
61545
61547
61568
61569
61570
61572
61574
61584
61585
61586
61590
61592
61594
61595
61599
61600
61601
61602
61603
61605
61606
61608
61610
61614
61616
61617
61619
61620
61621
61622
61624
61625
61629
61630
61633
61634
61635
61636
61637
61638
61639
61640
61642
61644
61646
61647
61649
61652
61653
61654
61655
61658
61659
61660
61661
61662
61663
61664
61666
61667
61669
61672
61674
61675
61676
61677
61678
61679
61681
61682
61683
61684
61686
61687
61688
61690
61691
61692
61693
61694
61695
61696
61697
61698
61699
61700
61701
61705
61706
61707
61708
61709
61713
61718
61722
61726
61727
61736
61738
61739
61752
61755
61761
61762
61770
61774
61775
61776
61806
61823
61827
61833
61876
61894
61940
61942
61943
61947
61948
61951
61959
61961
61964
61968
61986
61987
62002
62003
62017
62022
62026
62034
62043
62050
62067
62094
62122
62131
62148
62153
62159
62160
62163
62164
62165
62166
62190
62195
62198
62204
62220
62222
62227
62228
62233
62236
62237
62238
62244
62245
62255
62260
62285
62287
62296
62323
62331
62418
62423
62445
62446
62447
62454
62455
62473
62476
62501
62507
62511
62532
62535
62541
62554
62555
62569
62574
62575
62577
62597
62602
62604
62607
62609
62611
62635
62643
62645
62648
62652
62656
62662
62664
62672
62675
62678
62680
62681
62685
62686
62687
62689
62691
62692
62696
62700
62704
62708
62711
62725
62726
62727
62728
62733
62738
62743
62744
62746
62747
62748
62749
62752
62754
62756
62769
62770
62776
62777
62779
62781
62782
62783
62784
62785
62786
62787
62789
62791
62795
62798
62799
62802
62804
62805
62814
62815
62818
62834
62836
62840
62841
62843
62844
62849
62850
62852
62859
62866
62867
62869
62870
62872
62875
62877
62878
62879
62880
62881
62885
62887
62888
62891
62895
62899
62900
62901
62902
62904
62907
62910
62918
62923
62928
62930
62932
62938
62940
62942
62944
62956
62996
62997
63006
63009
63010
63020
63022
63023
63029
63030
63034
63037
63053
63054
63058
63063
63064
63067
63087
63089
63095
63111
63164
63165
63171
63177
63182
63184
63203
63233
63255
63270
63282
63287
63289
63292
63295
63299
63301
63303
63305
63311
63313
63315
63319
63322
63323
63326
63337
63392
63416
63423
63432
63439
63442
63445
63449
63451
63454
63455
63465
63466
63470
63476
63477
63480
63500
63541
63547
63551
63552
63553
63578
63600
63607
63610
63616
63653
63655
63658
63663
63673
63684
63689
63695
63714
63738
63742
63744
63746
63747
63750
63751
63753
63755
63757
63758
63764
63769
63771
63775
63779
63781
63783
63788
63791
63792
63796
63800
63818
63819
63820
63821
63847
63848
63856
63858
63875
63877
63883
63888
63893
63900
63901
63903
63912
63921
63923
63924
63932
63956
63996
63997
63998
63999
64000
64001
64002
64003
64006
64047
64067
64069
64071
64072
64073
64098
64099
64103
64108
64116
64119
64133
64144
64186
64222
64231
64261
64290
64294
64309
64332
64333
64361
64369
64372
64400
64415
64416
64417
64434
64436
64451
64468
64470
64475
64476
64478
64479
64484
64530
64543
64626
64646
64658
64659
64668
64677
64692
64704
64708
64719
64720
64722
64776
64783
64784
64789
64791
64792
64793
64797
64805
64806
64807
64809
64810
64811
64812
64814
64815
64826
64836
64856
64901
64904
64912
64914
64920
64924
64925
64930
64936
64937
64938
64944
64946
64947
64950
64956
64963
64965
64982
64984
64985
65017
65034
65122
65131
65139
65144
65148
65158
65159
65160
65164
65165
65167
65171
65173
65177
65178
65183
65185
65186
65189
65199
65201
65211
65213
65216
65217
65219
65224
65225
65232
65235
65236
65244
65247
65253
65260
65273
65276
65282
65283
65284
65307
65308
65310
65315
65320
65323
65349
65368
65371
65372
65377
65394
65425
65485
65546
65569
65631
65638
65725
65770
65774
65775
65777
65799
65800
65806
65863
65873
65885
65896
65906
66004
66005
66007
66008
66079
66174
66186
66198
66201
66204
66295
66297
66358
66365
66372
66374
66375
66376
66377
66378
66379
66380
66381
66383
66384
66386
66387
66388
66389
66390
66392
66393
66395
66396
66397
66398
66399
66400
66408
66412
66413
66416
66418
66422
66425
66429
66431
66433
66434
66439
66445
66452
66454
66470
66479
66500
66501
66503
66504
66508
66509
66511
66512
66513
66516
66521
66522
66524
66527
66531
66534
66536
66540
66543
66544
66546
66547
66549
66550
66552
66560
66562
66565
66567
66577
66580
66582
66583
66602
66607
66608
66612
66613
66617
66618
66621
66624
66625
66631
66634
66636
66640
66643
66661
66664
66672
66679
66681
66683
66697
66710
66715
66717
66752
66753
66757
66761
66763
66801
66817
66819
66824
66852
66866
66878
66958
67023
67048
67079
67089
67117
67187
67199
67312
67344
67410
67467
67498
67535
67537
67596
67618
67637
67651
67922
67923
67942
67943
67944
67945
67946
67947
67949
67950
67951
67954
67955
67956
67957
67958
67959
67960
67961
67972
67973
67983
67987
67990
68043
68198
68217
68256
68270
68271
68272
68273
68274
68275
68283
68301
68310
68317
68352
68367
68369
68373
68374
68375
68376
68377
68378
68381
68382
68383
68384
68385
68386
68387
68388
68389
68390
68391
68392
68393
68394
68395
68396
68397
68398
68399
68400
68401
68402
68403
68404
68405
68406
68407
68408
68409
68410
68411
68412
68415
68416
68417
68418
68419
68420
68421
68422
68423
68424
68425
68426
68427
68428
68429
68430
68431
68432
68433
68434
68435
68436
68437
68438
68439
68440
68441
68442
68443
68444
68445
68446
68447
68448
68449
68450
68451
68452
68453
68454
68455
68456
68457
68458
68459
68462
68463
68464
68465
68466
68467
68468
68469
68470
68471
68472
68473
68474
68475
68476
68477
68478
68479
68480
68481
68482
68483
68484
68485
68486
68487
68488
68502
68545
68547
68550
68552
68553
68554
68555
68556
68601
68613
68619
68620
68654
68657
68666
68668
68713
68724
68726
68730
68733
68735
68736
68737
68741
68748
68749
68751
68752
68762
68765
68766
68769
68779
68780
68793
68803
68805
68820
68822
68874
68879
68881
68882
68892
68894
68903
68904
68905
68917
68919
68923
68926
68945
68985
68990
69000
69001
69002
69004
69007
69015
69025
69028
69029
69031
69095
69097
69102
69111
69122
69151
69159
69162
69166
69168
69173
69184
69190
69202
69208
69245
69247
69261
69263
69269
69271
69283
69287
69302
69308
69316
69328
69345
69373
69409
69421
69424
69437
69441
69442
69443
69455
69468
69487
69509
69520
69524
69531
69547
69568
69578
69598
69606
69620
69621
69622
69623
69629
69653
69660
69666
69692
69699
69724
69728
69729
69734
69737
69738
69740
69747
69751
69752
69754
69759
69763
69764
69768
69777
69824
69826
69827
69828
69829
69836
69838
69839
69844
69846
69847
69867
69915
69919
69920
69921
69923
69924
69925
69929
69931
69936
69939
69940
69958
69959
69964
69975
69981
70005
70006
70007
70008
70009
70011
70012
70013
70014
70015
70016
70017
70018
70019
70020
70021
70022
70023
70024
70025
70026
70027
70028
70029
70032
70033
70034
70035
70036
70037
70038
70039
70040
70041
70042
70043
70044
70045
70046
70047
70048
70049
70050
70051
70052
70053
70054
70055
70056
70057
70058
70059
70060
70061
70062
70063
70064
70065
70066
70067
70068
70069
70070
70071
70072
70073
70074
70075
70076
70077
70078
70079
70080
70081
70082
70083
70084
70085
70086
70087
70088
70089
70090
70091
70092
70093
70094
70095
70096
70097
70098
70099
70100
70101
70102
70103
70104
70105
70106
70107
70108
70109
70110
70111
70112
70113
70114
70115
70116
70117
70118
70119
70138
70141
70142
70143
70144
70145
70148
70149
70158
70160
70166
70167
70171
70172
70176
70177
70178
70182
70187
70197
70200
70209
70210
70212
70228
70234
70235
70239
70241
70245
70246
70247
70270
70275
70281
70282
70292
70297
70326
70329
70364
70378
70390
70444
70462
70463
70471
70486
70489
70496
70522
70551
70552
70555
70557
70561
70569
70591
70593
70600
70608
70612
70616
70630
70633
70649
70653
70667
70674
70705
70710
70716
70718
70723
70727
70739
70770
70779
70780
70790
70846
70858
70868
70880
70910
70911
70919
70922
70923
70927
70929
70930
70935
70937
70942
70954
70995
70997
71003
71014
71015
71022
71024
71027
71030
71032
71054
71056
71057
71058
71079
71090
71093
71094
71096
71115
71122
71153
71163
71165
71168
71169
71170
71171
71172
71180
71190
71202
71228
71231
71233
71234
71235
71236
71238
71242
71243
71251
71255
71256
71264
71265
71270
71292
71294
71302
71336
71339
71345
71348
71392
71407
71414
71420
71421
71422
71434
71482
71485
71488
71491
71500
71503
71522
71524
71526
71538
71565
71566
71570
71577
71589
71600
71606
71610
71611
71612
71615
71616
71618
71620
71621
71625
71626
71631
71633
71647
71648
71653
71654
71660
71662
71693
71721
71751
71786
71796
71797
71798
71799
71800
71803
71804
71805
71807
71808
71818
71867
71882
71884
71892
71899
71901
71902
71905
71906
71910
71914
71927
71930
71950
71959
71977
71997
72000
72001
72003
72005
72007
72008
72010
72013
72026
72031
72055
72063
72066
72069
72078
72080
72081
72083
72101
72118
72157
72159
72166
72174
72178
72181
72187
72195
72199
72200
72210
72248
72254
72255
72258
72262
72264
72269
72274
72275
72290
72303
72309
72320
72324
72326
72332
72335
72341
72343
72360
72370
72372
72381
72383
72386
72388
72393
72394
72396
72397
72405
72411
72420
72421
72425
72435
72450
72453
72487
72489
72530
72534
72548
72551
72552
72554
72559
72583
72622
72643
72666
72667
72668
72669
72672
72674
72679
72681
72682
72688
72691
72701
72706
72707
72708
72709
72720
72727
72735
72736
72737
72740
72742
72744
72746
72750
72758
72759
72761
72775
72789
72791
72795
72796
72810
72819
72845
72854
72883
72887
72933
72936
72938
72942
72948
72950
72958
72963
72979
72981
72985
72989
72990
72999
73008
73011
73015
73021
73045
73054
73065
73068
73077
73078
73079
73083
73089
73093
73110
73116
73133
73141
73142
73146
73158
73162
73168
73211
73212
73213
73214
73215
73241
73253
73254
73258
73264
73273
73274
73277
73293
73294
73295
73296
73297
73300
73301
73308
73313
73315
73330
73331
73332
73333
73334
73335
73338
73340
73343
73345
73349
73350
73351
73360
73368
73383
73384
73397
73399
73423
73430
73432
73435
73438
73439
73454
73474
73475
73476
73477
73479
73509
73514
73519
73524
73526
73530
73533
73545
73549
73557
73564
73590
73597
73630
73639
73640
73645
73675
73686
73702
73708
73713
73720
73730
73736
73753
73760
73778
73796
73801
73809
73810
73815
73818
73820
73822
73864
73871
73879
73890
73941
73943
73947
73948
73983
74005
74006
74007
74011
74020
74026
74029
74046
74049
74061
74064
74072
74075
74078
74093
74099
74133
74135
74149
74205
74211
74219
74225
74226
74227
74230
74236
74247
74281
74286
74300
74301
74302
74303
74305
74308
74314
74355
74365
74371
74372
74391
74392
74393
74394
74397
74398
74399
74400
74401
74402
74405
74406
74408
74429
74431
74439
74471
74473
74477
74493
74498
74499
74502
74504
74513
74524
74529
74538
74540
74543
74569
74570
74571
74572
74573
74574
74575
74576
74577
74578
74579
74580
74581
74582
74583
74584
74585
74586
74610
74613
74614
74618
74627
74646
74655
74666
74691
74692
74693
74699
74700
74701
74712
74716
74757
74758
74759
74784
74804
74820
74825
74828
74851
74858
74862
74868
74870
74876
74887
74897
74899
74911
74912
74916
74925
74956
74962
74975
74978
74991
75021
75032
75040
75063
75065
75074
75076
75079
75085
75089
75093
75102
75131
75136
75138
75144
75149
75161
75164
75174
75183
75189
75191
75192
75196
75198
75200
75234
75235
75240
75243
75244
75248
75254
75264
75271
75274
75276
75284
75287
75295
75303
75304
75328
75337
75338
75341
75343
75348
75350
75354
75358
75363
75366
75371
75372
75373
75378
75379
75388
75395
75396
75401
75403
75412
75413
75424
75428
75434
75437
75448
75450
75483
75489
75491
75501
75507
75519
75521
75560
75561
75600
75604
75605
75606
75609
75610
75611
75616
75620
75627
75647
75665
75669
75670
75678
75680
75681
75682
75683
75685
75702
75734
75738
75748
75781
75782
75783
75793
75797
75819
75846
75851
75857
75858
75860
75862
75871
75874
75875
75877
75878
75881
75883
75887
75890
75895
75900
75906
75912
75916
75926
75949
75967
76017
76021
76029
76032
76034
76056
76134
76144
76148
76149
76188
76202
76206
76210
76217
76218
76227
76232
76233
76234
76235
76236
76237
76238
76245
76248
76249
76250
76251
76252
76253
76254
76271
76276
76282
76289
76316
76321
76329
76331
76336
76343
76344
76355
76362
76374
76456
76461
76464
76465
76468
76470
76471
76478
76489
76492
76493
76497
76538
76540
76548
76551
76552
76555
76575
76579
76580
76610
76613
76615
76617
76619
76626
76628
76648
76660
76675
76680
76685
76688
76694
76701
76706
76709
76711
76717
76719
76729
76730
76736
76745
76771
76777
76778
76783
76788
76789
76794
76796
76799
76802
76803
76805
76809
76810
76815
76819
76826
76836
76840
76841
76845
76849
76860
76874
76922
76929
76937
76938
76974
76975
76984
76985
76989
76993
76994
76998
76999
77000
77004
77005
77006
77010
77013
77021
77023
77026
77031
77033
77042
77045
77046
77052
77054
77056
77062
77067
77068
77070
77073
77077
77078
77086
77087
77088
77098
77100
77105
77114
77117
77122
77131
77137
77144
77145
77149
77153
77158
77159
77160
77165
77166
77176
77184
77189
77193
77198
77203
77204
77205
77207
77210
77229
77230
77240
77243
77279
77289
77305
77315
77317
77337
77338
77343
77349
77365
77374
77396
77420
77421
77428
77450
77468
77481
77483
77484
77491
77493
77494
77495
77497
77500
77543
77544
77545
77548
77552
77578
77600
77607
77615
77639
77697
77713
77741
77768
77802
77842
77884
77886
77887
77888
77902
77904
77914
77915
77917
77925
77928
77929
77930
77932
77934
77936
77944
77959
77961
77963
77966
77968
77972
77981
77982
77985
78021
78022
78028
78031
78033
78038
78044
78047
78049
78052
78056
78057
78064
78078
78095
78135
78136
78137
78140
78145
78146
78148
78149
78151
78152
78153
78160
78161
78162
78167
78169
78184
78206
78208
78210
78211
78235
78237
78238
78245
78272
78274
78277
78278
78283
78285
78287
78288
78292
78297
78303
78317
78332
78345
78351
78353
78355
78358
78361
78367
78369
78375
78380
78388
78389
78436
78444
78445
78446
78450
78454
78457
78464
78466
78474
78509
78513
78517
78527
78534
78558
78564
78568
78596
78613
78614
78630
78647
78649
78665
78689
78700
78707
78712
78717
78718
78719
78725
78734
78761
78762
78768
78837
78875
78903
78910
78911
78914
78924
78925
78927
78937
78945
78948
78966
78973
78998
79009
79014
79021
79022
79042
79046
79048
79049
79054
79057
79062
79071
79099
79104
79106
79111
79116
79119
79122
79131
79145
79152
79168
79169
79171
79177
79178
79179
79180
79188
79194
79206
79230
79248
79251
79257
79259
79263
79266
79277
79291
79309
79316
79322
79323
79324
79328
79329
79335
79337
79339
79342
79346
79349
79350
79354
79366
79378
79389
79403
79408
79417
79420
79430
79451
79477
79480
79483
79507
79540
79546
79548
79550
79554
79560
79565
79569
79570
79575
79581
79584
79588
79604
79608
79611
79612
79614
79618
79625
79641
79682
79698
79700
79701
79711
79717
79719
79739
79741
79762
79770
79790
79792
79794
79797
79800
79801
79804
79806
79807
79808
79810
79814
79817
79818
79819
79821
79823
79826
79832
79833
79835
79837
79840
79841
79842
79843
79845
79846
79847
79848
79849
79850
79851
79852
79853
79854
79855
79856
79857
79858
79859
79860
79861
79862
79863
79864
79865
79866
79867
79868
79869
79872
79873
79874
79875
79876
79877
79878
79889
79915
79920
79921
79925
79932
79938
79952
79955
79959
79964
79976
79986
80003
80035
80047
80052
80076
80094
80096
80097
80098
80099
80100
80101
80102
80103
80104
80105
80106
80107
80108
80109
80110
80111
80112
80113
80114
80115
80116
80117
80118
80119
80120
80121
80122
80123
80125
80126
80128
80130
80131
80132
80133
80134
80135
80138
80139
80140
80142
80143
80144
80145
80146
80147
80149
80150
80151
80152
80153
80154
80155
80156
80157
80158
80159
80160
80161
80162
80163
80164
80166
80167
80168
80169
80170
80171
80172
80173
80174
80175
80176
80177
80178
80180
80181
80182
80183
80184
80192
80194
80195
80196
80198
80199
80203
80204
80205
80206
80207
80208
80210
80211
80212
80213
80214
80215
80216
80217
80218
80220
80243
80260
80263
80363
80370
80381
80410
80414
80419
80462
80464
80467
80470
80487
80622
80624
80625
80627
80628
80629
80631
80632
80954
80961
80962
80974
80992
80998
81005
81008
81013
81022
81024
81027
81034
81036
81038
81041
81045
81047
81048
81098
81103
81107
81111
81112
81113
81116
81119
81120
81127
81134
81135
81137
81140
81141
81143
81149
81155
81156
81159
81162
81163
81173
81175
81180
81189
81192
81197
81202
81206
81207
81212
81216
81219
81221
81225
81226
81243
81246
81252
81267
81269
81271
81272
81276
81280
81282
81289
81293
81301
81313
81342
81357
81672
81675
81676
81677
81679
81680
81681
81688
81689
81694
81703
81917
81942
81950
81973
81998
82043
82047
82050
82051
82052
82054
82059
82074
82075
82076
82077
82078
82083
82085
82155
82160
82168
82180
82188
82211
82214
82216
82248
82271
82273
82274
82275
82276
82277
82278
82279
82282
82283
82286
82287
82288
82289
82291
82292
82294
82300
82301
82304
82306
82311
82320
82321
82325
82326
82336
82350
82351
82355
82360
82367
82371
82375
82376
82381
82390
82391
82393
82401
82402
82406
82407
82408
82413
82414
82417
82418
82423
82424
82427
82437
82442
82455
82462
82471
82475
82478
82482
82483
82498
82502
82504
82505
82507
82510
82514
82515
82516
82518
82523
82526
82528
82529
82538
82540
82544
82545
82548
82549
82554
82555
82557
82560
82569
82573
82574
82576
82577
82579
82581
82586
82588
82591
82594
82597
82604
82605
82608
82611
82614
82615
82617
82625
82631
82632
82636
82638
82639
82640
82649
82651
82657
82660
82663
82669
82674
82675
82680
82690
82694
82697
82699
82706
82719
82724
82725
82733
82736
82743
82749
82776
82782
82784
82787
82788
82791
82795
82797
82800
82812
82814
82829
82830
82832
82834
82842
82844
82845
82846
82848
82850
82851
82852
82859
82869
82882
82883
82892
82893
82921
82927
82934
82949
82955
82957
82975
82987
82996
82997
82998
83005
83011
83022
83028
83034
83035
83036
83039
83041
83042
83052
83053
83055
83058
83062
83067
83075
83084
83085
83087
83121
83124
83150
83151
83152
83153
83154
83169
83179
83181
83187
83190
83194
83209
83240
83245
83247
83250
83251
83252
83267
83269
83270
83278
83286
83288
83289
83295
83296
83299
83302
83304
83314
83316
83320
83321
83324
83325
83328
83347
83348
83350
83352
83353
83355
83358
83359
83360
83361
83362
83363
83364
83365
83366
83368
83377
83378
83382
83388
83392
83411
83427
83428
83429
83433
83460
83464
83465
83466
83473
83478
83480
83491
83492
83497
83501
83507
83513
83514
83521
83539
83540
83541
83542
83543
83563
83573
83576
83578
83582
83598
83605
83607
83618
83626
83630
83653
83654
83655
83656
83667
83677
83687
83698
83699
83712
83713
83719
83720
83721
83731
83742
83743
83744
83745
83746
83747
83750
83752
83753
83759
83774
83778
83789
83807
83818
83847
83853
83854
83860
83871
83872
83880
83886
83892
83893
83894
83926
83946
83961
83973
83975
83982
83984
84030
84037
84047
84053
84055
84058
84070
84071
84077
84084
84085
84086
84087
84088
84089
84090
84091
84092
84093
84122
84124
84125
84126
84192
84193
84200
84232
84271
84294
84296
84297
84298
84299
84300
84302
84303
84310
84316
84317
84319
84324
84328
84329
84330
84331
84332
84336
84340
84343
84363
84381
84432
84435
84439
84477
84482
84483
84506
84538
84568
84575
84577
84580
84594
84609
84617
84631
84654
84658
84663
84684
84706
84738
84748
84768
84774
84787
84798
84834
84835
84847
84852
84857
84864
84879
84882
84892
84934
84949
84962
84964
84974
84982
84985
84987
84992
85010
85031
85040
85048
85052
85055
85092
85094
85097
85101
85102
85122
85123
85154
85160
85161
85162
85163
85164
85173
85184
85206
85229
85270
85272
85349
85356
85367
85379
85405
85461
85467
85468
85487
85495
85532
85572
85574
85577
85608
85641
85642
85650
85651
85652
85653
85661
85667
85673
85674
85691
85702
85717
85722
85723
85736
85740
85748
85780
85781
85798
85824
85831
85833
85842
85893
85906
85909
85921
85952
85965
85966
85976
85980
86005
86008
86013
86025
86040
86071
86076
86078
86084
86095
86103
86117
86134
86189
86197
86231
86237
86274
86293
86305
86309
86325
86372
86393
86426
86431
86438
86440
86444
86446
86447
86448
86450
86451
86457
86458
86459
86462
86465
86474
86476
86481
86482
86485
86488
86490
86491
86499
86502
86506
86510
86513
86516
86517
86520
86523
86528
86532
86581
86584
86590
86592
86593
86594
86595
86597
86598
86599
86601
86603
86605
86606
86607
86608
86609
86610
86612
86613
86615
86616
86617
86618
86625
86626
86628
86629
86632
86633
86635
86636
86638
86639
86641
86651
86654
86657
86659
86671
86672
86673
86674
86698
86708
86713
86720
86734
86735
86737
86742
86749
86752
86756
86758
86763
86770
86786
86799
86800
86801
86803
86810
86823
86837
86840
86850
86851
86852
86853
86854
86917
86919
86924
86984
86986
86988
86991
86992
86994
86999
87000
87003
87011
87013
87014
87015
87016
87017
87029
87031
87037
87038
87039
87040
87041
87042
87065
87069
87107
87134
87136
87137
87138
87172
87182
87185
87203
87208
87212
87225
87297
87302
87312
87363
87382
87397
87403
87431
87436
87526
87686
87695
87772
87788
87883
87891
87904
87907
88078
88139
88140
88143
88158
88166
88182
88269
88274
88275
88276
88285
88289
88291
88294
88302
88306
88308
88309
88310
88318
88323
88329
88346
88365
88379
88383
88387
88413
88421
88446
88449
88474
88481
88494
88495
88496
88497
88498
88499
88501
88511
88512
88522
88524
88537
88544
88547
88556
88557
88561
88571
88572
88573
88577
88580
88617
88621
88624
88625
88627
88659
88660
88665
88700
88708
88711
88712
88723
88741
88763
88800
88818
88848
88850
88851
88854
88856
88866
88872
88906
88935
88937
88945
88969
88991
88998
89009
89025
89081
89083
89109
89153
89156
89185
89186
89188
89242
89285
89287
89311
89312
89314
89315
89318
89319
89320
89321
89322
89327
89328
89329
89330
89331
89333
89334
89336
89339
89344
89348
89360
89367
89370
89371
89372
89376
89382
89386
89391
89395
89397
89399
89400
89411
89412
89417
89418
89420
89423
89433
89442
89443
89448
89451
89456
89463
89471
89481
89482
89497
89502
89516
89520
89530
89535
89540
89541
89549
89559
89561
89563
89564
89566
89573
89574
89577
89586
89587
89588
89589
89590
89591
89598
89604
89605
89608
89610
89611
89613
89617
89619
89630
89631
89632
89633
89634
89635
89639
89640
89641
89642
89646
89647
89654
89656
89673
89674
89680
89682
89683
89684
89685
89686
89691
89705
89711
89716
89717
89732
89739
89740
89742
89744
89749
89752
89754
89758
89769
89770
89781
89787
89789
89800
89805
89808
89812
89816
89819
89828
89840
89865
89870
89872
89874
89881
89882
89891
89895
89896
89910
89911
89912
89915
89916
89919
89922
89923
89927
89931
89938
89940
89956
89959
89967
89970
89980
89986
89988
89989
89990
89991
89992
89996
89999
90006
90011
90013
90014
90019
90022
90024
90025
90026
90035
90044
90047
90054
90063
90066
90073
90074
90087
90099
90100
90109
90118
90136
90141
90145
90146
90156
90157
90161
90162
90163
90164
90171
90177
90183
90210
90211
90218
90219
90220
90221
90232
90236
90254
90266
90267
90289
90298
90302
90311
90317
90318
90328
90329
90330
90331
90332
90341
90346
90352
90354
90355
90357
90359
90360
90361
90362
90363
90371
90373
90379
90381
90383
90384
90392
90398
90401
90416
90422
90424
90438
90447
90458
90464
90465
90467
90468
90470
90472
90489
90491
90498
90501
90506
90508
90512
90514
90515
90526
90527
90528
90529
90530
90531
90540
90556
90566
90580
90581
90582
90584
90585
90586
90594
90607
90633
90634
90636
90643
90655
90659
90665
90675
90696
90697
90707
90713
90714
90717
90718
90720
90722
90723
90725
90726
90729
90739
90746
90751
90760
90771
90772
90775
90800
90808
90822
90830
90836
90846
90864
90880
90881
90883
90907
90927
90937
90939
90942
90947
90952
90956
90962
90973
90991
90992
90998
91009
91012
91021
91031
91038
91039
91041
91055
91060
91070
91083
91097
91106
91108
91120
91133
91135
91136
91137
91158
91162
91176
91179
91210
91215
91259
91260
91266
91267
91275
91276
91278
91281
91282
91284
91296
91308
91313
91314
91319
91334
91354
91376
91389
91405
91442
91541
91548
91554
91558
91559
91568
91572
91615
91618
91635
91652
91657
91663
91668
91676
91684
91699
91705
91711
91712
91724
91785
91790
91791
91797
91802
91804
91806
91819
91824
91847
91856
91911
91917
91921
91946
91977
91980
91984
92000
92009
92020
92025
92050
92074
92077
92081
92089
92091
92092
92097
92102
92143
92145
92148
92149
92154
92169
92195
92259
92262
92266
92267
92269
92272
92292
92327
92331
92333
92374
92418
92453
92477
92479
92504
92512
92539
92576
92583
92589
92606
92607
92610
92647
92660
92677
92682
92738
92739
92740
92749
92754
92767
92798
92839
92875
92882
92884
92887
92906
92928
92932
92935
92937
92940
92955
92994
93017
93023
93027
93028
93057
93069
93084
93128
93140
93147
93164
93192
93220
93229
93251
93258
93260
93261
93262
93288
93304
93334
93356
93359
93360
93364
93366
93367
93370
93372
93376
93379
93385
93390
93394
93396
93400
93403
93405
93408
93413
93417
93419
93420
93421
93424
93425
93428
93430
93433
93464
93467
93469
93470
93475
93478
93480
93481
93482
93485
93487
93488
93492
93493
93494
93495
93496
93497
93501
93502
93504
93505
93506
93508
93512
93514
93516
93517
93518
93523
93524
93527
93529
93530
93532
93534
93535
93542
93543
93544
93545
93549
93556
93557
93562
93567
93569
93582
93587
93589
93594
93602
93628
93638
93665
93668
93669
93676
93691
93692
93693
93701
93708
93710
93715
93722
93732
93734
93737
93740
93746
93747
93748
93749
93756
93757
93791
93806
93826
93841
93844
93855
93862
93878
93879
93880
93882
93883
93884
93885
93886
93887
93889
93891
93892
93893
93900
93901
93913
93915
93916
93917
93918
93940
93946
93947
93957
93958
93962
93964
93977
93978
93991
93995
94005
94013
94015
94016
94025
94044
94078
94094
94106
94117
94157
94200
94203
94216
94258
94259
94268
94319
94333
94388
94465
94535
94554
94579
94601
94648
94661
94707
94830
94835
94996
95000
95001
95019
95021
95038
95045
95046
95068
95085
95091
95093
95095
95105
95106
95111
95124
95130
95135
95154
95160
95163
95165
95170
95171
95172
95212
95227
95230
95234
95240
95254
95258
95259
95268
95270
95273
95277
95288
95295
95298
95301
95303
95306
95308
95317
95324
95333
95334
95338
95343
95347
95350
95351
95352
95365
95371
95397
95411
95424
95426
95432
95434
95456
95457
95461
95462
95464
95478
95482
95484
95515
95521
95526
95545
95553
95558
95573
95574
95576
95577
95579
95580
95581
95582
95585
95588
95599
95602
95629
95634
95642
95671
95707
95734
95739
95764
95765
95766
95767
95783
95798
95813
95814
95816
95826
95828
95831
95835
95845
95884
95902
95913
95919
95925
95926
95927
95968
95987
96001
96011
96012
96014
96018
96019
96020
96021
96022
96024
96026
96027
96028
96031
96032
96036
96038
96047
96051
96055
96069
96085
96086
96088
96089
96099
96103
96108
96115
96116
96121
96124
96128
96133
96139
96143
96144
96145
96146
96148
96150
96152
96156
96165
96169
96179
96181
96190
96191
96192
96193
96194
96199
96200
96207
96211
96218
96223
96225
96228
96233
96245
96249
96262
96264
96266
96269
96270
96271
96272
96273
96275
96288
96290
96293
96297
96298
96304
96305
96308
96309
96310
96313
96314
96315
96325
96339
96340
96341
96342
96343
96349
96354
96357
96363
96371
96380
96383
96385
96392
96395
96396
96401
96410
96413
96414
96419
96420
96421
96433
96436
96438
96442
96443
96445
96449
96452
96461
96464
96476
96477
96479
96480
96481
96482
96483
96486
96487
96489
96490
96491
96497
96508
96512
96513
96518
96519
96520
96521
96522
96525
96527
96537
96541
96547
96554
96570
96576
96579
96585
96595
96598
96599
96605
96611
96624
96634
96643
96646
96647
96650
96657
96659
96661
96662
96664
96665
96666
96667
96668
96670
96672
96679
96685
96695
96698
96699
96701
96702
96704
96705
96713
96715
96720
96722
96726
96728
96738
96752
96778
96781
96782
96783
96803
96806
96811
96817
96821
96837
96838
96839
96871
96874
96875
96877
96883
96891
96896
96897
96901
96922
96927
96937
96951
96954
96971
96992
96996
96997
96999
97000
97001
97002
97003
97015
97018
97019
97020
97030
97031
97032
97033
97034
97035
97036
97037
97038
97039
97046
97050
97059
97076
97091
97109
97111
97112
97135
97136
97139
97178
97181
97182
97189
97192
97203
97209
97220
97226
97243
97244
97247
97251
97252
97253
97259
97267
97268
97281
97284
97297
97328
97330
97333
97335
97341
97345
97348
97355
97358
97372
97376
97381
97394
97405
97408
97418
97420
97429
97436
97440
97441
97457
97459
97462
97475
97486
97490
97491
97492
97493
97498
97504
97509
97511
97515
97522
97531
97536
97545
97549
97567
97571
97574
97575
97576
97581
97587
97602
97604
97630
97631
97643
97648
97652
97659
97684
97689
97692
97708
97709
97728
97729
97730
97731
97732
97733
97734
97735
97736
97743
97750
97756
97757
97762
97784
97803
97809
97815
97817
97824
97832
97839
97840
97841
97854
97861
97862
97865
97866
97867
97868
97869
97871
97877
97882
97888
97895
97896
97897
97900
97922
97928
97944
97959
97981
98001
98031
98048
98049
98080
98084
98118
98119
98122
98161
98178
98184
98219
98249
98253
98268
98272
98287
98298
98306
98309
98314
98316
98330
98348
98385
98407
98412
98413
98424
98427
98453
98458
98468
98489
98493
98529
98534
98574
98589
98591
98622
98630
98631
98635
98640
98642
98648
98650
98652
98657
98658
98659
98673
98720
98763
98776
98780
98785
98808
98820
98824
98839
98847
98849
98858
98882
98888
98903
98906
98907
98918
98950
98953
98955
98973
99042
99046
99054
99062
99068
99069
99070
99074
99104
99116
99125
99132
99158
99222
99237
99250
99300
99313
99336
99364
99376
99413
99415
99420
99422
99432
99485
99489
99509
99537
99555
99567
99571
99576
99600
99601
99603
99606
99624
99631
99653
99662
99664
99694
99703
99714
99748
99757
99770
99779
99790
99817
99885
99890
99891
99892
99895
99897
99898
99900
99901
99902
99905
99906
99908
99909
99910
99911
99912
99914
99916
99921
99923
99924
99926
99927
99930
99933
99935
99936
99938
99939
99941
99942
99944
99945
99947
99949
99954
99956
99958
99959
99961
99973
100000
100002
100003
100005
100006
100008
100011
100012
100013
100014
100015
100018
100022
100027
100028
100030
100031
100033
100035
100037
100038
100040
100041
100042
100043
100046
100050
100053
100059
100065
100069
100074
100076
100078
100082
100086
100088
100091
100093
100102
100103
100109
100110
100116
100128
100129
100157
100161
100172
100178
100180
100183
100189
100191
100212
100219
100227
100235
100241
100244
100247
100251
100262
100275
100325
100348
100367
100378
100381
100386
100391
100393
100394
100395
100396
100398
100399
100400
100401
100402
100415
100420
100423
100424
100425
100428
100432
100436
100452
100453
100454
100455
100456
100460
100469
100470
100485
100500
100523
100534
100551
100554
100576
100588
100620
100648
100654
100684
100778
100838
100845
100855
100863
100871
100873
100900
100906
100935
100944
100947
100948
100952
101029
101037
101051
101090
101096
101111
101146
101201
101203
101217
101219
101220
101222
101223
101224
101236
101242
101312
101332
101375
101400
101425
101435
101447
101453
101454
101455
101462
101497
101520
101560
101561
101562
101567
101568
101570
101573
101574
101582
101588
101590
101599
101608
101611
101617
101654
101657
101661
101663
101672
101685
101699
101720
101737
101740
101741
101743
101747
101758
101763
101765
101769
101823
101844
101879
101894
101901
101907
101913
101928
101929
101932
101933
101935
101938
101939
101942
101983
101986
102008
102023
102024
102033
102041
102093
102095
102107
102144
102147
102148
102149
102150
102151
102152
102153
102154
102155
102156
102157
102162
102175
102183
102188
102190
102216
102224
102264
102265
102266
102267
102268
102269
102270
102273
102276
102277
102278
102279
102283
102292
102294
102309
102310
102314
102316
102325
102327
102328
102330
102336
102342
102343
102346
102348
102358
102361
102362
102363
102364
102366
102367
102369
102371
102372
102377
102382
102385
102387
102388
102389
102391
102394
102395
102398
102402
102414
102416
102417
102420
102435
102438
102439
102444
102447
102460
102463
102464
102467
102468
102470
102472
102473
102488
102489
102492
102497
102499
102507
102508
102509
102513
102516
102517
102520
102522
102523
102524
102525
102527
102529
102531
102532
102533
102534
102535
102536
102540
102547
102551
102557
102559
102562
102566
102576
102578
102581
102588
102589
102593
102594
102596
102597
102601
102606
102611
102613
102615
102629
102633
102636
102639
102645
102652
102657
102659
102662
102666
102670
102681
102683
102695
102700
102703
102710
102713
102721
102728
102730
102731
102734
102750
102759
102764
102774
102775
102776
102793
102798
102802
102814
102815
102829
102830
102831
102832
102833
102843
102844
102849
102854
102856
102860
102869
102871
102872
102875
102877
102880
102881
102883
102885
102892
102898
102904
102916
102925
102926
102933
102936
102944
102945
102960
102964
102981
102983
102985
102986
102997
102999
103016
103024
103045
103050
103051
103061
103072
103075
103078
103080
103084
103086
103092
103093
103094
103108
103111
103114
103115
103117
103119
103121
103122
103123
103130
103137
103142
103144
103145
103146
103147
103164
103182
103186
103263
103271
103278
103285
103286
103287
103288
103289
103296
103304
103310
103321
103336
103338
103340
103342
103348
103355
103356
103359
103369
103385
103396
103418
103423
103433
103442
103451
103456
103458
103463
103464
103467
103468
103472
103483
103497
103508
103512
103515
103528
103534
103539
103545
103546
103550
103559
103561
103568
103597
103606
103612
103615
103631
103639
103660
103669
103673
103693
103700
103729
103737
103751
103768
103770
103803
103807
103808
103809
103811
103817
103818
103819
103820
103821
103822
103830
103835
103838
103839
103870
103872
103927
103939
103940
103949
103966
103967
103974
103978
104054
104082
104096
104125
104134
104149
104154
104157
104169
104172
104174
104183
104185
104189
104192
104198
104225
104231
104235
104243
104245
104260
104284
104288
104313
104343
104350
104351
104355
104380
104389
104417
104419
104429
104448
104469
104477
104491
104495
104499
104500
104502
104519
104525
104532
104533
104534
104539
104540
104551
104562
104576
104580
104594
104604
104613
104614
104616
104617
104618
104635
104644
104649
104657
104663
104673
104697
104703
104709
104749
104756
104763
104771
104791
104792
104798
104823
104838
104874
104877
104975
104989
105009
105019
105020
105022
105044
105049
105052
105058
105068
105077
105080
105100
105103
105106
105107
105113
105132
105146
105170
105175
105176
105222
105226
105230
105245
105319
105329
105333
105334
105365
105372
105382
105385
105387
105390
105403
105419
105428
105434
105445
105448
105454
105472
105508
105510
105519
105554
105588
105596
105637
105653
105661
105667
105690
105757
105776
105777
105778
105782
105783
105792
105793
105794
105798
105801
105802
105804
105805
105808
105811
105816
105826
105828
105829
105831
105838
105841
105843
105844
105854
105867
105871
105879
105880
105881
105883
105884
105889
105892
105894
105898
105899
105900
105903
105904
105905
105906
105907
105908
105909
105912
105913
105914
105919
105921
105922
105923
105925
105926
105927
105928
105932
105934
105936
105937
105938
105941
105951
105952
105953
105954
105958
105959
105962
105968
105969
105972
105973
105975
105981
105982
105985
105986
105997
106000
106002
106022
106027
106035
106036
106038
106041
106042
106044
106047
106057
106071
106079
106080
106087
106097
106100
106104
106107
106116
106127
106128
106129
106131
106133
106162
106163
106201
106254
106257
106258
106259
106260
106261
106263
106273
106274
106277
106278
106279
106282
106283
106284
106303
106307
106309
106312
106321
106328
106334
106366
106376
106381
106408
106460
106486
106533
106756
106778
106880
106904
106969
107013
107030
107034
107069
107134
107204
107232
107241
107246
107290
107325
107348
107349
107389
107392
107398
107405
107406
107413
107414
107417
107418
107421
107427
107429
107460
107464
107467
107469
107470
107491
107497
107500
107506
107514
107520
107528
107535
107536
107550
107555
107563
107569
107570
107575
107578
107581
107583
107584
107585
107591
107594
107599
107606
107607
107650
107657
107667
107670
107671
107679
107700
107735
107737
107749
107753
107759
107768
107771
107775
107776
107777
107802
107803
107804
107805
107832
107844
107845
107847
107872
107875
107880
107893
107909
107919
107920
107935
107951
107952
107954
107973
107979
107982
107984
107998
108001
108006
108011
108017
108021
108027
108071
108072
108100
108113
108116
108117
108121
108122
108123
108124
108135
108145
108146
108149
108152
108162
108163
108178
108179
108182
108184
108192
108193
108202
108203
108204
108213
108217
108218
108220
108225
108226
108227
108233
108245
108251
108259
108261
108271
108273
108274
108278
108281
108282
108285
108288
108290
108293
108300
108301
108305
108312
108313
108314
108315
108316
108317
108318
108319
108324
108327
108333
108334
108339
108340
108342
108343
108344
108345
108346
108347
108349
108351
108354
108357
108359
108368
108387
108392
108400
108406
108410
108415
108416
108417
108424
108432
108435
108436
108438
108448
108458
108462
108468
108471
108472
108479
108483
108487
108495
108511
108513
108514
108517
108520
108521
108540
108543
108544
108552
108554
108559
108561
108563
108569
108576
108577
108578
108587
108589
108597
108599
108606
108609
108615
108618
108619
108624
108625
108634
108640
108652
108653
108655
108691
108694
108697
108701
108706
108707
108712
108725
108734
108735
108736
108738
108751
108773
108776
108787
108788
108789
108797
108801
108805
108807
108819
108831
108835
108857
108859
108864
108865
108873
108875
108878
108887
108890
108897
108898
108900
108907
108913
108914
108916
108918
108926
108938
108946
108951
108956
108957
108974
108977
108981
108987
108989
108992
108994
109002
109008
109011
109032
109035
109056
109059
109083
109099
109116
109122
109137
109138
109141
109153
109158
109159
109162
109163
109164
109165
109188
109194
109200
109203
109204
109207
109208
109211
109219
109220
109221
109230
109272
109288
109299
109309
109315
109323
109324
109325
109328
109333
109338
109356
109368
109375
109392
109395
109401
109402
109406
109414
109424
109427
109431
109436
109446
109468
109471
109486
109512
109513
109520
109527
109543
109551
109565
109596
109606
109617
109618
109619
109628
109629
109630
109633
109638
109639
109640
109641
109643
109644
109645
109660
109663
109665
109677
109690
109694
109698
109719
109733
109734
109737
109741
109761
109764
109771
109786
109789
109799
109806
109828
109859
109861
109878
109888
109933
109944
109951
109952
109953
109956
109959
109962
110002
110010
110012
110033
110036
110051
110065
110073
110077
110079
110083
110097
110113
110145
110187
110196
110258
110259
110288
110311
110334
110369
110378
110379
110384
110387
110402
110416
110425
110432
110435
110440
110441
110444
110451
110456
110459
110474
110475
110520
110552
110558
110561
110613
110617
110622
110633
110636
110648
110666
110700
110719
110734
110750
110754
110770
